,p,q,d,s,t,AIC,BIC,HQIC,LLF,MAE,MSE,SSE
0,0,0,0,0,8,1328.100876647938,1336.4190674249219,1331.3725963049142,-662.050438323969,0.765647725566472,0.9622225996629853,455.13128964059206
1,0,0,0,0,9,1328.100876647938,1336.4190674249219,1331.3725963049142,-662.050438323969,0.765647725566472,0.9622225996629853,455.13128964059206
2,0,0,0,0,10,1328.100876647938,1336.4190674249219,1331.3725963049142,-662.050438323969,0.765647725566472,0.9622225996629853,455.13128964059206
3,0,0,0,0,11,1328.100876647938,1336.4190674249219,1331.3725963049142,-662.050438323969,0.765647725566472,0.9622225996629853,455.13128964059206
4,0,0,0,0,12,1328.100876647938,1336.4190674249219,1331.3725963049142,-662.050438323969,0.765647725566472,0.9622225996629853,455.13128964059206
5,0,0,0,1,8,1431.1037565676488,1443.5810427331246,1436.0113360531127,-712.5518782838244,0.8705150269698274,1.1503441564117025,544.1127859827353
6,0,0,0,1,9,1226.3457309483665,1238.8230171138423,1231.2533104338304,-610.1728654741833,0.7007007711994143,0.7746641409973314,366.41613869173773
7,0,0,0,1,10,1165.246478932903,1177.7237650983789,1170.154058418367,-579.6232394664515,0.6547701086991579,0.6821382321640312,322.6513838135868
8,0,0,0,1,11,1084.2937747226422,1096.771060888118,1089.201354208106,-539.1468873613211,0.5817817053286148,0.5765401677691097,272.70349935478885
9,0,0,0,1,12,1059.5104521767203,1071.987738342196,1064.4180316621841,-526.7552260883601,0.5443685798575387,0.5473441946424618,258.8938040658844
10,0,0,0,2,8,1257.2302302857224,1273.8666118396902,1263.7736695996743,-624.6151151428612,0.7254608377487635,0.8225035562351637,389.04418209923244
11,0,0,0,2,9,1225.9699216461443,1242.606303200112,1232.5133609600962,-608.9849608230721,0.6975157960594631,0.7708075879558802,364.59198910313137
12,0,0,0,2,10,1156.2743311543559,1172.9107127083237,1162.8177704683078,-574.1371655771779,0.6490211654803447,0.6667448179495369,315.3702988901309
13,0,0,0,2,11,1084.460198098729,1101.0965796526968,1091.003637412681,-538.2300990493645,0.5821381737791756,0.5743403135382705,271.662968303602
14,0,0,0,2,12,1058.0402048133556,1074.6765863673234,1064.5836441273075,-525.0201024066778,0.5456666288194221,0.5419222433647152,256.32922111151026
15,0,0,0,3,8,1170.9544828944706,1191.7499598369302,1179.1337820369106,-580.4772414472353,0.6428155017324063,0.6827259962867896,322.9293962436515
16,0,0,0,3,9,1203.4883516154898,1224.2838285579494,1211.6676507579298,-596.7441758077449,0.6841291634547496,0.731216299304402,345.86530957098216
17,0,0,0,3,10,1169.2021533704924,1189.997630312952,1177.3814525129324,-579.6010766852462,0.6496853397451452,0.6787477606704435,321.0476907971198
18,0,0,0,3,11,1093.243736630384,1114.0392135728437,1101.423035772824,-541.621868315192,0.588930289000119,0.5824104226403748,275.48012990889725
19,0,0,0,3,12,1062.1234636272138,1082.9189405696734,1070.3027627696538,-526.0617318136069,0.555346633541624,0.5443390124909627,257.4723529082254
20,0,0,0,4,8,1210.6986521911908,1235.6532245221424,1220.5138111621188,-599.3493260955954,0.6613247324451957,0.737402566061509,348.79141374709377
21,0,0,0,4,9,1156.9650177018011,1181.9195900327527,1166.780176672729,-572.4825088509006,0.6397030902742925,0.6598632793513634,312.11533113319484
22,0,0,0,4,10,1231.5130028748986,1256.4675752058502,1241.3281618458266,-609.7565014374493,0.6791425618998993,0.7708024699449258,364.5895682839499
23,0,0,0,4,11,1190.0764201915285,1215.0309925224801,1199.8915791624565,-589.0382100957643,0.6472054556785878,0.6993679620834774,330.8010460654848
24,0,0,0,4,12,1199.9005531114433,1224.8551254423949,1209.7157120823713,-593.9502765557216,0.6289770135404575,0.7098106923863748,335.7404574987553
25,0,0,1,0,8,996.5577972816415,1009.0350834471172,1001.4653767671055,-495.2788986408207,0.5364176551240843,0.4749075087499925,224.63125163874645
26,0,0,1,0,9,996.5577972816415,1009.0350834471172,1001.4653767671055,-495.2788986408207,0.5364176551240843,0.4749075087499925,224.63125163874645
27,0,0,1,0,10,996.5577972816415,1009.0350834471172,1001.4653767671055,-495.2788986408207,0.5364176551240843,0.4749075087499925,224.63125163874645
28,0,0,1,0,11,996.5577972816415,1009.0350834471172,1001.4653767671055,-495.2788986408207,0.5364176551240843,0.4749075087499925,224.63125163874645
29,0,0,1,0,12,996.5577972816415,1009.0350834471172,1001.4653767671055,-495.2788986408207,0.5364176551240843,0.4749075087499925,224.63125163874645
30,0,0,1,1,8,1366.427827788176,1383.0642093421438,1372.971267102128,-679.213913894088,0.9743747822759891,4.087585269036129,1933.4278322540893
31,0,0,1,1,9,943.1579762474269,959.7943578013945,949.7014155613789,-467.57898812371343,0.500903577944506,0.4227636074911165,199.96718634329812
32,0,0,1,1,10,923.3301325850853,939.966514139053,929.8735718990373,-457.66506629254263,0.49167104317666965,0.40562329644262785,191.85981921736297
33,0,0,1,1,11,848.8611673359667,865.4975488899344,855.4046066499187,-420.43058366798334,0.456348693023504,0.3469570049114772,164.1106633231287
34,0,0,1,1,12,866.9016580883001,883.5380396422678,873.4450974022521,-429.45082904415005,0.4560976128068299,0.36045367956204466,170.49459043284713
35,0,0,1,2,8,966.5425588976918,987.3380358401515,974.7218580401318,-478.2712794488459,0.5155585267486574,0.4421454996423279,209.1348213308211
36,0,0,1,2,9,944.1830317554573,964.9785086979169,952.3623308978972,-467.0915158777286,0.499773970197357,0.42189569263839677,199.55666261796168
37,0,0,1,2,10,925.0565179838611,945.8519949263208,933.2358171263011,-457.52825899193056,0.49170153564989166,0.40540436720442097,191.75626568769113
38,0,0,1,2,11,850.5847772767803,871.38025421924,858.7640764192203,-420.29238863839015,0.45636564619365005,0.34673860923521926,164.0073621682587
39,0,0,1,2,12,846.1130938940105,866.9085708364702,854.2923930364504,-418.05654694700524,0.4535289544305413,0.3430786703821099,162.27621109073797
40,0,0,1,3,8,889.0621130906733,914.0166854216249,898.8772720616013,-438.53105654533664,0.4782942392989973,0.3734432298577831,176.6386477227314
41,0,0,1,3,9,937.2428080207352,962.1973803516868,947.0579669916632,-462.6214040103676,0.4973924776252982,0.41393532032293084,195.79140651274628
42,0,0,1,3,10,926.9934425196616,951.9480148506132,936.8086014905896,-457.4967212598308,0.49144086386606717,0.4052627704111685,191.6892904044827
43,0,0,1,3,11,858.0315759671563,882.9861482981079,867.8467349380843,-423.01578798357815,0.4560751658723483,0.35049212702538823,165.78277608300863
44,0,0,1,3,12,846.870090352727,871.8246626836785,856.685249323655,-417.4350451763635,0.45280838877992696,0.3417262924560213,161.6365363316981
45,0,0,1,4,8,925.4714393087963,954.5851070282399,936.9224581082124,-455.73571965439817,0.4977102644434177,0.4005969376915227,189.48235152809025
46,0,0,1,4,9,922.3679448506658,951.4816125701093,933.8189636500817,-454.1839724253329,0.4861273707602509,0.3974880276668579,188.0118370864238
47,0,0,1,4,10,939.9232426630883,969.0369103825319,951.3742614625044,-462.96162133154417,0.49762325751983005,0.41442651514397016,196.0237416630979
48,0,0,1,4,11,858.3829274378948,887.4965951573383,869.8339462373108,-422.1914637189474,0.4552140909731767,0.3492940840163031,165.21610173971135
49,0,0,1,4,12,912.2175737788804,941.3312414983238,923.6685925782963,-449.1087868894402,0.4836980053627074,0.3908155982661743,184.85577797990044
50,0,0,2,0,8,836.7499349323512,853.3863164863188,843.2933742463032,-414.3749674661756,0.44153714096554997,0.3371487605075211,159.47136372005747
51,0,0,2,0,9,836.7499349323512,853.3863164863188,843.2933742463032,-414.3749674661756,0.44153714096554997,0.3371487605075211,159.47136372005747
52,0,0,2,0,10,836.7499349323512,853.3863164863188,843.2933742463032,-414.3749674661756,0.44153714096554997,0.3371487605075211,159.47136372005747
53,0,0,2,0,11,836.7499349323512,853.3863164863188,843.2933742463032,-414.3749674661756,0.44153714096554997,0.3371487605075211,159.47136372005747
54,0,0,2,0,12,836.7499349323512,853.3863164863188,843.2933742463032,-414.3749674661756,0.44153714096554997,0.3371487605075211,159.47136372005747
55,0,0,2,1,8,1275.4551484074266,1296.2506253498861,1283.6344475498665,-632.7275742037133,0.6752001430219248,0.7692041730505601,363.8335738529149
56,0,0,2,1,9,807.7007280298094,828.4962049722691,815.8800271722494,-398.8503640149047,0.4281056018360108,0.3158450491361241,149.3947082413867
57,0,0,2,1,10,800.8755709809994,821.6710479234591,809.0548701234394,-395.4377854904997,0.423236530492682,0.31135095578733957,147.26900208741162
58,0,0,2,1,11,755.8164361510909,776.6119130935506,763.9957352935309,-372.90821807554545,0.40388687063789813,0.2831869505160442,133.9474275940889
59,0,0,2,1,12,748.766252653207,769.5617295956666,756.9455517956469,-369.3831263266035,0.40462263700498563,0.2789849783435474,131.95989475649793
60,0,0,2,2,8,821.1848097653842,846.1393820963358,830.9999687363122,-404.5924048826921,0.43259705715652325,0.32352670760422947,153.02813269680053
61,0,0,2,2,9,809.6532246095533,834.6077969405048,819.4683835804813,-398.82661230477663,0.42783485046252645,0.31581215770454535,149.37915059424995
62,0,0,2,2,10,802.5702178391039,827.5247901700554,812.3853768100319,-395.28510891955193,0.4241244371330599,0.3111419486578477,147.17014171516198
63,0,0,2,2,11,756.5645790743183,781.5191514052699,766.3797380452463,-372.28228953715916,0.40383291050046904,0.2824232879552921,133.58621520285317
64,0,0,2,2,12,730.669913373637,755.6244857045886,740.485072344565,-359.3349566868185,0.3994155199012276,0.2671917360896748,126.38169117041616
65,0,0,2,3,8,779.6298795114204,808.7435472308639,791.0808983108363,-382.8149397557102,0.41920860848849456,0.29473992352169215,139.4119838257604
66,0,0,2,3,9,809.0527996103438,838.1664673297873,820.5038184097598,-397.5263998051719,0.42974309212029005,0.31383783302286955,148.4452950198173
67,0,0,2,3,10,804.2321719022962,833.3458396217397,815.6831907017122,-395.1160859511481,0.4236527987503685,0.31091328016913145,147.06198151999916
68,0,0,2,3,11,758.2038432883338,787.3175110077773,769.6548620877497,-372.1019216441669,0.4040251965511832,0.2821847827504679,133.4734022409713
69,0,0,2,3,12,722.7726026002806,751.8862703197242,734.2236213996966,-354.3863013001403,0.39593309458510295,0.26149705310532934,123.68810611882078
70,0,0,2,4,8,792.8633832088218,826.1361463167573,805.9502618367258,-388.4316916044109,0.4236306389074135,0.3008853330717979,142.3187625429604
71,0,0,2,4,9,803.5866108226218,836.8593739305572,816.6734894505257,-393.7933054113109,0.4225644098195318,0.3086225124950691,145.9784484101677
72,0,0,2,4,10,820.0568680537731,853.3296311617086,833.143746681677,-402.02843402688654,0.42477615726841095,0.32004295259649634,151.38031657814278
73,0,0,2,4,11,772.1922026036812,805.4649657116166,785.2790812315851,-378.0961013018406,0.4062471498782099,0.2889645349167058,136.68022501560185
74,0,0,2,4,12,773.15212694556,806.4248900534955,786.2390055734639,-378.57606347278,0.4125340419467932,0.2889913289097212,136.6928985742981
75,0,0,3,0,8,748.5514831103097,769.3469600527694,756.7307822527497,-369.27574155515487,0.40342275229733493,0.27849600507007966,131.72861039814768
76,0,0,3,0,9,748.5514831103097,769.3469600527694,756.7307822527497,-369.27574155515487,0.40342275229733493,0.27849600507007966,131.72861039814768
77,0,0,3,0,10,748.5514831103097,769.3469600527694,756.7307822527497,-369.27574155515487,0.40342275229733493,0.27849600507007966,131.72861039814768
78,0,0,3,0,11,748.5514831103097,769.3469600527694,756.7307822527497,-369.27574155515487,0.40342275229733493,0.27849600507007966,131.72861039814768
79,0,0,3,0,12,748.5514831103097,769.3469600527694,756.7307822527497,-369.27574155515487,0.40342275229733493,0.27849600507007966,131.72861039814768
80,0,0,3,1,8,1353.8603161077103,1378.814888438662,1363.6754750786383,-670.9301580538552,1.6068184202384574,60.70022992401118,28711.20875405729
81,0,0,3,1,9,740.7566591442518,765.7112314752034,750.5718181151798,-364.3783295721259,0.39995253533869374,0.27282143968529793,129.04454097114592
82,0,0,3,1,10,734.4323733035708,759.3869456345224,744.2475322744988,-361.2161866517854,0.39600646775274234,0.26920787600624607,127.33532535095439
83,0,0,3,1,11,692.5697467571266,717.5243190880782,702.3849057280546,-340.2848733785633,0.37954320936569147,0.24647112327879891,116.58084131087189
84,0,0,3,1,12,692.4742545484481,717.4288268793997,702.2894135193761,-340.23712727422406,0.37491365440634616,0.24649681307345114,116.59299258374239
85,0,0,3,2,8,742.4014656921543,771.5151334115978,753.8524844915703,-364.20073284607713,0.39899154932662817,0.2725212616854365,128.90255677721146
86,0,0,3,2,9,742.6959000627188,771.8095677821623,754.1469188621347,-364.3479500313594,0.3996600690533104,0.2727867839763589,129.02814882081776
87,0,0,3,2,10,735.5680106211421,764.6816783405857,747.0190294205581,-360.78400531057105,0.3965542787878833,0.26870800866922023,127.09888810054116
88,0,0,3,2,11,693.5397712995518,722.6534390189954,704.9907900989679,-339.7698856497759,0.3790969681785363,0.24592941543603997,116.3246135012469
89,0,0,3,2,12,671.975776110132,701.0894438295754,683.4267949095479,-328.987888055066,0.37057179648014255,0.23483253362837017,111.07578840621909
90,0,0,3,3,8,700.4110647641999,733.6838278721353,713.4979433921038,-342.20553238209993,0.3846864419063593,0.24814739915100995,117.3737197984277
91,0,0,3,3,9,742.9900130793008,776.2627761872362,756.0768917072047,-363.4950065396504,0.399738160533557,0.2717910173225184,128.55715119355122
92,0,0,3,3,10,736.0394978385979,769.3122609465333,749.1263764665018,-360.01974891929893,0.39568073946297094,0.26781857813142296,126.67818745616306
93,0,0,3,3,11,704.1187822517095,737.391545359645,717.2056608796134,-344.05939112585475,0.3829471026254146,0.2502324713042359,118.35995892690359
94,0,0,3,3,12,665.7958826558814,699.0686457638169,678.8827612837854,-324.8979413279407,0.36795786866464963,0.23076896157568025,109.15371882529676
95,0,0,3,4,8,696.9936009966164,734.4254594930437,711.7163394530083,-339.4968004983082,0.3826760136455345,0.24528672589893766,116.02062135019752
96,0,0,3,4,9,722.0920384424725,759.5238969388998,736.8147768988645,-352.04601922123624,0.38825377370494596,0.258491366927965,122.26641655692742
97,0,0,3,4,10,745.8576170308224,783.2894755272498,760.5803554872144,-363.9288085154112,0.39867414504076754,0.27214235686076815,128.72333479514333
98,0,0,3,4,11,697.6558484591878,735.0877069556152,712.3785869155798,-339.8279242295939,0.3796063557805804,0.24597673158283004,116.3469940386786
99,0,0,3,4,12,670.8895069874637,708.3213654838911,685.6122454438557,-326.44475349373187,0.37069128109020916,0.2320172429195648,109.74415590095415
100,0,0,4,0,8,709.6756824237532,734.6302547547048,719.4908413946812,-348.8378412118766,0.38278585309081486,0.25539228847121537,120.80055244688488
101,0,0,4,0,9,709.6756824237532,734.6302547547048,719.4908413946812,-348.8378412118766,0.38278585309081486,0.25539228847121537,120.80055244688488
102,0,0,4,0,10,709.6756824237532,734.6302547547048,719.4908413946812,-348.8378412118766,0.38278585309081486,0.25539228847121537,120.80055244688488
103,0,0,4,0,11,709.6756824237532,734.6302547547048,719.4908413946812,-348.8378412118766,0.38278585309081486,0.25539228847121537,120.80055244688488
104,0,0,4,0,12,709.6756824237532,734.6302547547048,719.4908413946812,-348.8378412118766,0.38278585309081486,0.25539228847121537,120.80055244688488
105,0,0,4,1,8,1532.1947460213528,1561.3084137407964,1543.6457648207688,-759.0973730106764,1.4900082988768297,43.576930809210204,20611.888272756427
106,0,0,4,1,9,706.0259630101251,735.1396307295686,717.476981809541,-346.01298150506256,0.3809454914837731,0.25235435735358136,119.363611028244
107,0,0,4,1,10,704.8184490007433,733.9321167201867,716.2694678001592,-345.40922450037164,0.3776359124677765,0.25173970924014477,119.07288247058848
108,0,0,4,1,11,676.567586252484,705.6812539719276,688.0186050519001,-331.283793126242,0.36878492574603433,0.23718923498346692,112.19050814717986
109,0,0,4,1,12,665.7058953025079,694.8195630219514,677.1569141019238,-325.85294765125394,0.36444007129763734,0.23180374551239732,109.64317162736394
110,0,0,4,2,8,706.6426239966306,739.9153871045661,719.7295026245346,-345.3213119983153,0.37959286126699093,0.25158433485826626,118.99939038795993
111,0,0,4,2,9,707.9050599054254,741.1778230133609,720.9919385333294,-345.9525299527127,0.3809430915519995,0.25229036615524525,119.333343191431
112,0,0,4,2,10,706.7408709168268,740.0136340247623,719.8277495447308,-345.3704354584134,0.37748021453314456,0.2516968271460128,119.05259924006407
113,0,0,4,2,11,677.1463281573838,710.4190912653193,690.2332067852877,-330.5731640786919,0.3685984829949527,0.23646945099807065,111.85005032208741
114,0,0,4,2,12,644.9384500214792,678.2112131294147,658.0253286493831,-314.4692250107396,0.359422689729737,0.22074778130435369,104.4137005569593
115,0,0,4,3,8,672.9545168232694,710.3863753196968,687.6772552796614,-327.4772584116347,0.3686870714950783,0.23318056257675168,110.29440609880355
116,0,0,4,3,9,709.9024700621742,747.3343285586016,724.6252085185662,-345.9512350310871,0.3809890342851747,0.25228893456342705,119.33266604850098
117,0,0,4,3,10,706.4393184571451,743.8711769535724,721.1620569135371,-344.21965922857254,0.3765628203389401,0.2504505671569689,118.4631182652463
118,0,0,4,3,11,678.9952159371078,716.4270744335352,693.7179543934998,-330.4976079685539,0.3685188492216592,0.2363917400874515,111.81329306136456
119,0,0,4,3,12,636.3722175435736,673.804076040001,651.0949559999656,-309.1861087717868,0.3535561808694603,0.2157047989515796,102.02836990409715
120,0,0,4,4,8,672.0173840692879,713.6083379542073,688.3759823541678,-326.00869203464396,0.3657087803688666,0.23170422130001916,109.59609667490906
121,0,0,4,4,9,686.590362330397,728.1813162153164,702.948960615277,-333.2951811651985,0.36994510637656786,0.2387355245132022,112.92190309474465
122,0,0,4,4,10,708.4066082944688,749.9975621793882,724.7652065793487,-344.2033041472344,0.377050216878567,0.2504259634596114,118.45148071639619
123,0,0,4,4,11,689.1851606803757,730.7761145652951,705.5437589652556,-334.59258034018785,0.37042678174020083,0.2402535818205038,113.6399442010983
124,0,0,4,4,12,636.1749396908898,677.7658935758092,652.5335379757697,-308.0874698454449,0.3537714516275501,0.2146477478822284,101.52838474829403
125,0,1,0,0,8,724.8418912000222,733.1558491711934,728.1122361313427,-360.4209456000111,0.43724289558707957,1.008321435233445,476.9360388654195
126,0,1,0,0,9,724.8418912000222,733.1558491711934,728.1122361313427,-360.4209456000111,0.43724289558707957,1.008321435233445,476.9360388654195
127,0,1,0,0,10,724.8418912000222,733.1558491711934,728.1122361313427,-360.4209456000111,0.43724289558707957,1.008321435233445,476.9360388654195
128,0,1,0,0,11,724.8418912000222,733.1558491711934,728.1122361313427,-360.4209456000111,0.43724289558707957,1.008321435233445,476.9360388654195
129,0,1,0,0,12,724.8418912000222,733.1558491711934,728.1122361313427,-360.4209456000111,0.43724289558707957,1.008321435233445,476.9360388654195
130,0,1,0,1,8,718.204317069825,730.6752540265817,723.1098344668058,-356.1021585349125,0.4343570198062856,1.0034154034609093,474.61548583701006
131,0,1,0,1,9,724.6233512980646,737.0942882548212,729.5288686950453,-359.3116756490323,0.43729448462735765,1.0070598058103004,476.3392881482721
132,0,1,0,1,10,726.7158947228545,739.1868316796111,731.6214121198352,-360.35794736142725,0.43733305747116724,1.0082484858025815,476.90153378462105
133,0,1,0,1,11,696.7089661956791,709.1799031524357,701.6144835926598,-345.35448309783953,0.4221859204892888,0.9915658421777546,469.0106433500779
134,0,1,0,1,12,695.1366019690475,707.6075389258042,700.0421193660283,-344.5683009845238,0.42265719782546046,0.9907144669963466,468.60794288927195
135,0,1,0,2,8,695.5891927310558,712.2171086733981,702.1298825936967,-343.7945963655279,0.42283429885411494,0.9897506986591221,468.15208046576475
136,0,1,0,2,9,714.2827657448443,730.9106816871865,720.8234556074851,-353.1413828724221,0.43168199247824457,1.000007290073138,473.0034482045943
137,0,1,0,2,10,722.1079579314368,738.735873873779,728.6486477940776,-357.0539789657184,0.4358197328880286,1.0044496269456153,475.10467354527606
138,0,1,0,2,11,698.6741014634522,715.3020174057945,705.2147913260931,-345.3370507317261,0.42228478065348,0.9915459559199801,469.0012371501506
139,0,1,0,2,12,661.6563175745072,678.2842335168494,668.197007437148,-326.8281587872536,0.40925064127008076,0.9721132012089161,459.8095441718173
140,0,1,0,3,8,662.3185417513275,683.1034366792553,670.4944040796287,-326.15927087566376,0.40823667778861317,0.971420998539205,459.482132309044
141,0,1,0,3,9,708.6100247881603,729.3949197160881,716.7858871164615,-349.30501239408017,0.42701680980641393,0.995706463891496,470.9691574206776
142,0,1,0,3,10,722.7889918881787,743.5738868161064,730.9648542164798,-356.39449594408933,0.43651850686892424,1.0036710626355392,474.73641262661
143,0,1,0,3,11,698.0853037915649,718.8701987194927,706.2611661198661,-344.04265189578246,0.42231675560629167,0.990106097587239,468.32018415876405
144,0,1,0,3,12,645.608320199407,666.3932151273348,653.7841825277081,-317.8041600997035,0.40184985290571423,0.96313445110731,455.56259537375763
145,0,1,0,4,8,653.5268448811919,678.4687187947052,663.3378796751532,-320.76342244059595,0.4060732197356592,0.9660083278643764,456.92193907985006
146,0,1,0,4,9,679.3353054913105,704.2771794048238,689.1463402852718,-333.66765274565523,0.4116410388234237,0.9788480895476614,462.99514635604385
147,0,1,0,4,10,718.9795745853958,743.9214484989091,728.7906093793571,-353.4897872926979,0.43249035308657396,1.0003139509523968,473.1484988004837
148,0,1,0,4,11,697.4547830122347,722.396656925748,707.265817806196,-342.7273915061173,0.42111809250009147,0.9886447978790569,467.62898939679394
149,0,1,0,4,12,642.7966679095766,667.7385418230899,652.6077027035379,-315.3983339547883,0.3999515563216932,0.9608229784477916,454.4692688058054
150,0,1,1,0,8,726.746348845833,739.2172858025897,731.6518662428138,-360.3731744229165,0.43793546708103476,1.008266208429924,476.9099165873541
151,0,1,1,0,9,726.746348845833,739.2172858025897,731.6518662428138,-360.3731744229165,0.43793546708103476,1.008266208429924,476.9099165873541
152,0,1,1,0,10,726.746348845833,739.2172858025897,731.6518662428138,-360.3731744229165,0.43793546708103476,1.008266208429924,476.9099165873541
153,0,1,1,0,11,726.746348845833,739.2172858025897,731.6518662428138,-360.3731744229165,0.43793546708103476,1.008266208429924,476.9099165873541
154,0,1,1,0,12,726.746348845833,739.2172858025897,731.6518662428138,-360.3731744229165,0.43793546708103476,1.008266208429924,476.9099165873541
155,0,1,1,1,8,719.2884677799732,735.9163837223155,725.8291576426141,-355.6442338899866,0.43491330027994346,1.0028989867544529,474.37122073485625
156,0,1,1,1,9,726.3970520035084,743.0249679458507,732.9377418661493,-359.1985260017542,0.4378207820226089,1.0069292966123302,476.27755729763214
157,0,1,1,1,10,728.5749020345412,745.2028179768835,735.1155918971821,-360.2874510172706,0.4378058736008145,1.0081661290970387,476.8625790628993
158,0,1,1,1,11,694.5995448503011,711.2274607926433,701.140234712942,-343.29977242515054,0.42434884588942157,0.9893519025311777,467.963449897247
159,0,1,1,1,12,680.0166300738995,696.6445460162417,686.5573199365404,-336.00831503694974,0.417574875075669,0.9816278980915523,464.3099957973042
160,0,1,1,2,8,693.352577954144,714.1374728820717,701.5284402824451,-341.676288977072,0.4233326841881207,0.9874682470719446,467.0724808650298
161,0,1,1,2,9,714.3325217764332,735.117416704361,722.5083841047343,-352.1662608882166,0.43321874086780027,0.9989157268108497,472.48713878153194
162,0,1,1,2,10,723.022556108539,743.8074510364668,731.1984184368401,-356.5112780542695,0.4369774469739958,1.0038293978290265,474.81130517312954
163,0,1,1,2,11,696.5960985729007,717.3809935008285,704.7719609012019,-343.29804928645035,0.42434419061941653,0.9893497487269468,467.96243114784585
164,0,1,1,2,12,639.4797709034837,660.2646658314114,647.6556332317848,-314.7398854517418,0.3994847807464906,0.960328807633445,454.2355260106195
165,0,1,1,3,8,651.15296362905,676.0948375425633,660.9639984230113,-319.576481814525,0.40500933152942614,0.964944498519175,456.41874779956976
166,0,1,1,3,9,707.6577168966606,732.5995908101739,717.468751690622,-347.8288584483303,0.4296518893822253,0.9940812151350358,470.20041475887194
167,0,1,1,3,10,722.7174816681284,747.6593555816416,732.5285164620897,-355.3587408340642,0.4378197445140329,1.0024756902562746,474.1710014912179
168,0,1,1,3,11,694.6914168975659,719.6332908110792,704.5024516915272,-341.34570844878294,0.42427998626674784,0.9872074822690416,466.9491391132567
169,0,1,1,3,12,617.6334551753487,642.575329088862,627.44448996931,-302.81672758767434,0.3885130383851239,0.9491742481541389,448.9594193769077
170,0,1,1,4,8,638.9271995572248,668.0260524563237,650.3734068168463,-312.4635997786124,0.4010956845557044,0.9580713511645543,453.1677491008342
171,0,1,1,4,9,666.4524991354818,695.5513520345808,677.8987063951034,-326.2262495677409,0.4111608484218305,0.9712658931730248,459.40876747084076
172,0,1,1,4,10,716.1648777195448,745.2637306186438,727.6110849791664,-351.0824388597724,0.4333313990378069,0.9975520181726018,471.84210459564065
173,0,1,1,4,11,693.1620461831906,722.2608990822895,704.6082534428122,-339.5810230915953,0.4235606036584759,0.9852828703218692,466.0387976622441
174,0,1,1,4,12,612.9603524893912,642.0592053884901,624.4065597490128,-299.4801762446956,0.3853142918637898,0.9461900469046793,447.5478921859133
175,0,1,2,0,8,724.8152842507602,741.4432001931025,731.3559741134011,-358.4076421253801,0.43556910919565284,1.0060434498444306,475.85855177641565
176,0,1,2,0,9,724.8152842507602,741.4432001931025,731.3559741134011,-358.4076421253801,0.43556910919565284,1.0060434498444306,475.85855177641565
177,0,1,2,0,10,724.8152842507602,741.4432001931025,731.3559741134011,-358.4076421253801,0.43556910919565284,1.0060434498444306,475.85855177641565
178,0,1,2,0,11,724.8152842507602,741.4432001931025,731.3559741134011,-358.4076421253801,0.43556910919565284,1.0060434498444306,475.85855177641565
179,0,1,2,0,12,724.8152842507602,741.4432001931025,731.3559741134011,-358.4076421253801,0.43556910919565284,1.0060434498444306,475.85855177641565
180,0,1,2,1,8,718.9146512764707,739.6995462043985,727.0905136047719,-354.4573256382354,0.4331207213975463,1.0015874746976066,473.75087553196795
181,0,1,2,1,9,723.7200152225168,744.5049101504446,731.895877550818,-356.8600076112584,0.43435051548367104,1.0042975526062075,475.0327423827361
182,0,1,2,1,10,726.8143519441521,747.5992468720799,734.9902142724533,-358.40717597207606,0.435561246139367,1.0060428650797666,475.8582751827296
183,0,1,2,1,11,696.5953413837008,717.3802363116286,704.7712037120019,-343.2976706918504,0.4242980053927583,0.9893518990863738,467.9634482678548
184,0,1,2,1,12,680.6752366327651,701.4601315606928,688.8510989610662,-335.33761831638253,0.4161025942452156,0.9809694785591407,463.9985633584736
185,0,1,2,2,8,695.3524255499774,720.2942994634907,705.1634603439387,-341.6762127749887,0.4233238596449476,0.9874687337178402,467.0727110485384
186,0,1,2,2,9,716.0584713203416,741.0003452338549,725.8695061143029,-352.0292356601708,0.43241256642418546,0.9987852794549865,472.4254371822086
187,0,1,2,2,10,722.6767904384146,747.6186643519279,732.4878252323759,-355.3383952192073,0.435809689526771,1.0025374378143315,474.20020808617875
188,0,1,2,2,11,698.5926500373121,723.5345239508254,708.4036848312734,-343.29632501865603,0.4242981872505728,0.989349847958333,467.96247808429155
189,0,1,2,2,12,641.477984720479,666.4198586339922,651.2890195144403,-314.7389923602395,0.3995450493334601,0.9603256617699126,454.2340380171687
190,0,1,2,3,8,652.3293050665495,681.4281579656484,663.7755123261711,-319.16465253327476,0.405114331030842,0.9644919784788871,456.2047058205136
191,0,1,2,3,9,709.5791956892806,738.6780485883795,721.0254029489022,-347.7895978446403,0.4292759463037127,0.9940515635075464,470.18638953906947
192,0,1,2,3,10,723.8084273432376,752.9072802423365,735.2546346028591,-354.9042136716188,0.43669065163985415,1.0020129666616249,473.95213323094856
193,0,1,2,3,11,696.6781729697727,725.7770258688716,708.1243802293943,-341.33908648488637,0.4243582134527705,0.9871956384194884,466.94353697241803
194,0,1,2,3,12,619.5611876505661,648.660040549665,631.0073949101877,-302.78059382528306,0.3886686464034081,0.9491249151805554,448.9360848804027
195,0,1,2,4,8,640.1544958804861,673.4103277651706,653.2358756057679,-312.07724794024307,0.4008541453336558,0.9576609691693525,452.97363841710376
196,0,1,2,4,9,668.1599164824506,701.415748367135,681.2412962077324,-326.0799582412253,0.4112656810811943,0.9710942903459421,459.3275993336306
197,0,1,2,4,10,718.1616486320988,751.4174805167833,731.2430283573806,-351.0808243160494,0.4332398490553599,0.9975561390330092,471.8440537626134
198,0,1,2,4,11,694.8003151188292,728.0561470035136,707.8816948441109,-339.4001575594146,0.42388019006089755,0.9850580524215344,465.9324587953858
199,0,1,2,4,12,614.9066809674077,648.1625128520922,627.9880606926895,-299.45334048370387,0.38541706227300065,0.9461541580916276,447.5309167773399
200,0,1,3,0,8,715.963355612784,736.7482505407118,724.1392179410851,-352.981677806392,0.42760330671458247,0.9997100298770724,472.86284413185524
201,0,1,3,0,9,715.963355612784,736.7482505407118,724.1392179410851,-352.981677806392,0.42760330671458247,0.9997100298770724,472.86284413185524
202,0,1,3,0,10,715.963355612784,736.7482505407118,724.1392179410851,-352.981677806392,0.42760330671458247,0.9997100298770724,472.86284413185524
203,0,1,3,0,11,715.963355612784,736.7482505407118,724.1392179410851,-352.981677806392,0.42760330671458247,0.9997100298770724,472.86284413185524
204,0,1,3,0,12,715.963355612784,736.7482505407118,724.1392179410851,-352.981677806392,0.42760330671458247,0.9997100298770724,472.86284413185524
205,0,1,3,1,8,708.2034794142969,733.1453533278102,718.0145142082582,-348.10173970714845,0.426407920400771,0.9943865169162216,470.3448225013728
206,0,1,3,1,9,717.6105715831026,742.5524454966159,727.4216063770639,-352.8052857915513,0.42820963933106104,0.9995192101561379,472.7725864038532
207,0,1,3,1,10,715.8237613744049,740.7656352879181,725.6347961683662,-351.9118806872024,0.4237952739489728,0.9985221641702478,472.3009836525272
208,0,1,3,1,11,684.807617565494,709.7494914790072,694.6186523594553,-336.403808782747,0.4144703890887616,0.9819519750431185,464.46328419539503
209,0,1,3,1,12,669.4315775286221,694.3734514421354,679.2426123225835,-328.71578876431107,0.40929406826382947,0.9741346138133901,460.7656723337335
210,0,1,3,2,8,683.974963369576,713.0738162686749,695.4211706291976,-334.987481684788,0.4176073685066326,0.9804088702920797,463.7333956481537
211,0,1,3,2,9,691.5988206019013,720.6976735010002,703.0450278615228,-338.7994103009506,0.414389092384641,0.9843675353895953,465.6058442392786
212,0,1,3,2,10,707.4920864269552,736.5909393260541,718.9382936865768,-346.7460432134776,0.4234929402691673,0.9928454031706844,469.6158756997337
213,0,1,3,2,11,686.7886938478648,715.8875467469637,698.2349011074864,-336.3943469239324,0.41449735505002544,0.9819416557661114,464.45840317737066
214,0,1,3,2,12,635.1936165358952,664.2924694349941,646.6398237955168,-310.5968082679476,0.3954880949421587,0.9564538709763822,452.4026809718288
215,0,1,3,3,8,646.7477913480792,680.0036232327636,659.829171073361,-315.3738956740396,0.4014126526884629,0.9609139146980163,454.51228165216173
216,0,1,3,3,9,689.5026329008699,722.7584647855543,702.5840126261517,-336.75131645043496,0.41292982444658555,0.9822062906749889,464.5835754892697
217,0,1,3,3,10,700.6364763435918,733.8923082282762,713.7178560688735,-342.3182381717959,0.4246882617035847,0.9879951564140564,467.3217089838487
218,0,1,3,3,11,687.5545927841064,720.8104246687908,700.6359725093881,-335.7772963920532,0.4153267986664681,0.9812857286195743,464.1481496370586
219,0,1,3,3,12,612.7241623337809,645.9799942184653,625.8055420590626,-298.36208116689045,0.3844306257685408,0.9451859917639757,447.07297410436047
220,0,1,3,4,8,635.0810633127085,672.4938741829785,649.7976155036505,-308.54053165635423,0.3973937888363432,0.95442562609719,451.4433211439708
221,0,1,3,4,9,653.5421383628855,690.9549492331555,668.2586905538275,-317.7710691814427,0.4006310810240648,0.9630521773565438,455.5236798896452
222,0,1,3,4,10,693.2114472293918,730.6242580996618,707.9279994203338,-337.6057236146959,0.4214808400767727,0.9829038871598738,464.91353862662027
223,0,1,3,4,11,682.7948842265224,720.2076950967923,697.5114364174644,-332.3974421132612,0.41298691753693206,0.9777457995488139,462.473763186589
224,0,1,3,4,12,607.1209582895788,644.5337691598488,621.8375104805208,-294.5604791447894,0.3802609175209173,0.9418555185571307,445.4976602775228
225,0,1,4,0,8,679.3971507671667,704.33902468068,689.2081855611281,-333.6985753835834,0.41871667937624263,0.979211033191991,463.16681869981176
226,0,1,4,0,9,679.3971507671667,704.33902468068,689.2081855611281,-333.6985753835834,0.41871667937624263,0.979211033191991,463.16681869981176
227,0,1,4,0,10,679.3971507671667,704.33902468068,689.2081855611281,-333.6985753835834,0.41871667937624263,0.979211033191991,463.16681869981176
228,0,1,4,0,11,679.3971507671667,704.33902468068,689.2081855611281,-333.6985753835834,0.41871667937624263,0.979211033191991,463.16681869981176
229,0,1,4,0,12,679.3971507671667,704.33902468068,689.2081855611281,-333.6985753835834,0.41871667937624263,0.979211033191991,463.16681869981176
230,0,1,4,1,8,678.3768056213471,707.475658520446,689.8230128809687,-332.18840281067355,0.4168114235839296,0.9777091516173113,462.45642871498825
231,0,1,4,1,9,681.0014468210851,710.100299720184,692.4476540807067,-333.50072341054255,0.41804783237997656,0.9790121561287947,463.0727498489199
232,0,1,4,1,10,680.891364428154,709.9902173272529,692.3375716877756,-333.445682214077,0.41772332411077745,0.9789556988526311,463.0460455572945
233,0,1,4,1,11,655.1640403639344,684.2628932630333,666.610247623556,-320.5820201819672,0.40403194460328584,0.9662240630739921,457.0239818339983
234,0,1,4,1,12,650.3367757986334,679.4356286977323,661.782983058255,-318.1683878993167,0.3990927579824757,0.9639079224520369,455.9284473198135
235,0,1,4,2,8,663.291333376937,696.5471652616214,676.3727131022188,-323.6456666884685,0.4078424728390124,0.9691289164533552,458.397977482437
236,0,1,4,2,9,666.3310724747705,699.5869043594549,679.4124522000523,-325.16553623738525,0.4053768759095312,0.9706207999268477,459.103638365399
237,0,1,4,2,10,677.0933856174088,710.3492175020932,690.1747653426905,-330.5466928087044,0.4159222627285643,0.9760021870230021,461.64903446188
238,0,1,4,2,11,657.0612221095876,690.317053994272,670.1426018348693,-320.5306110547938,0.4040607370779516,0.9661715058345841,456.9991222597583
239,0,1,4,2,12,625.2405430779463,658.4963749626307,638.3219228032281,-304.62027153897316,0.3903112480954196,0.9511166327193407,449.8781672762481
240,0,1,4,3,8,633.730736978584,671.143547848854,648.447289169526,-307.865368489292,0.39591079358890796,0.9540808382746029,451.2802365038872
241,0,1,4,3,9,663.5354394925795,700.9482503628494,678.2519916835215,-322.76771974628974,0.40364270802650415,0.9682296228892858,457.9726116266322
242,0,1,4,3,10,676.1346613882906,713.5474722585607,690.8512135792326,-329.0673306941453,0.4155342669326906,0.97447290571112,460.9256844013598
243,0,1,4,3,11,657.3399643474822,694.7527752177523,672.0565165384243,-319.6699821737411,0.40350697841150573,0.9653069484577164,456.5901866204998
244,0,1,4,3,12,606.533071498584,643.945882368854,621.2496236895261,-294.266535749292,0.37915203194820224,0.9417583354469882,445.4516926664254
245,0,1,4,4,8,622.8341991029413,664.4039889587968,639.1859237595435,-301.41709955147064,0.39281525901118813,0.9481442334969516,448.4722224440581
246,0,1,4,4,9,639.4102081603471,680.9799980162027,655.7619328169493,-309.70510408017356,0.39345248428286445,0.9556131826896317,452.0050354121958
247,0,1,4,4,10,673.4252359167955,714.995025772651,689.7769605733977,-326.71261795839774,0.41373168394765547,0.9720381674210933,459.77405319017714
248,0,1,4,4,11,656.71523024808,698.2850201039356,673.0669549046822,-318.35761512404,0.4017877708692314,0.9640042474860924,455.9740090609217
249,0,1,4,4,12,601.6104881191475,643.180277975003,617.9622127757497,-290.80524405957374,0.3769961801576556,0.9387737898026653,444.0400025766607
250,0,2,0,0,8,1057.6017263651029,1065.9114425531357,1060.8706931809877,-526.8008631825514,0.6160097531828409,1.486251943589842,702.9971693179953
251,0,2,0,0,9,1057.6017263651029,1065.9114425531357,1060.8706931809877,-526.8008631825514,0.6160097531828409,1.486251943589842,702.9971693179953
252,0,2,0,0,10,1057.6017263651029,1065.9114425531357,1060.8706931809877,-526.8008631825514,0.6160097531828409,1.486251943589842,702.9971693179953
253,0,2,0,0,11,1057.6017263651029,1065.9114425531357,1060.8706931809877,-526.8008631825514,0.6160097531828409,1.486251943589842,702.9971693179953
254,0,2,0,0,12,1057.6017263651029,1065.9114425531357,1060.8706931809877,-526.8008631825514,0.6160097531828409,1.486251943589842,702.9971693179953
255,0,2,0,1,8,1059.2917726059961,1071.7563468880453,1064.1952228298233,-526.6458863029981,0.6157555910583993,1.4858907200873595,702.826310601321
256,0,2,0,1,9,1059.5584912737586,1072.0230655558078,1064.4619414975857,-526.7792456368793,0.616338222092246,1.4862017487723158,702.9734271693054
257,0,2,0,1,10,1057.104918210035,1069.5694924920842,1062.0083684338622,-525.5524591050175,0.6149952470609956,1.4833399624977501,701.6198022614358
258,0,2,0,1,11,1053.7311162054402,1066.1956904874894,1058.6345664292674,-523.8655581027201,0.6146036793962033,1.479406689430729,699.7593641007348
259,0,2,0,1,12,1059.491105084474,1071.955679366523,1064.394555308301,-526.745552542237,0.6166494926132768,1.4861223192171726,702.9358569897227
260,0,2,0,2,8,1050.1817982018497,1066.8012305779152,1056.7197318336193,-521.0908991009248,0.6142946183113807,1.4729246661090185,696.6933670695657
261,0,2,0,2,9,1060.5676681788955,1077.187100554961,1067.1056018106651,-526.2838340894477,0.6169080883597334,1.4850347610670456,702.4214419847126
262,0,2,0,2,10,1059.1025895372986,1075.7220219133642,1065.6405231690683,-525.5512947686493,0.6149909855257077,1.4833371444782542,701.6184693382143
263,0,2,0,2,11,1055.5561951322761,1072.1756275083417,1062.0941287640458,-523.7780975661381,0.6149358678185489,1.4792008337829736,699.6619943793465
264,0,2,0,2,12,1049.2584644026547,1065.8778967787202,1055.7963980344243,-520.6292322013273,0.6100776574621488,1.471728875944556,696.127758321775
265,0,2,0,3,8,1040.4378612220903,1061.2121516921725,1048.6102782618023,-515.2189306110452,0.6070776568029331,1.4594264156454886,690.3086946003161
266,0,2,0,3,9,1057.9038353292924,1078.6781257993746,1066.0762523690044,-523.9519176646462,0.6148648152719735,1.4794854094158945,699.7965986537181
267,0,2,0,3,10,1055.9164960487265,1076.6907865188086,1064.0889130884384,-522.9582480243632,0.6101862535650249,1.4771584853719137,698.6959635809152
268,0,2,0,3,11,1057.5499411248202,1078.3242315949024,1065.7223581645321,-523.7749705624101,0.6149440501087564,1.4791933141380078,699.6584375872777
269,0,2,0,3,12,1045.144015126208,1065.91830559629,1053.3164321659199,-517.572007563104,0.6006799631102194,1.4645280472020477,692.7217663265685
270,0,2,0,4,8,1039.7379479039075,1064.667096468006,1049.5448483515618,-513.8689739519538,0.6076741768475264,1.4563398941587136,688.8487699370716
271,0,2,0,4,9,1055.4694464778124,1080.398595041911,1065.2763469254667,-521.7347232389062,0.6059154760004565,1.4741950373745127,697.2942526781445
272,0,2,0,4,10,1057.8211252832252,1082.7502738473238,1067.6280257308795,-522.9105626416126,0.6099396717209723,1.4770452002831624,698.6423797339359
273,0,2,0,4,11,1059.4084228219324,1084.337571386031,1069.2153232695866,-523.7042114109662,0.6139567478073754,1.479025678548636,699.5791459535048
274,0,2,0,4,12,1046.7388963491237,1071.6680449132223,1056.545796796778,-517.3694481745619,0.600025590326043,1.464044806011275,692.493193243333
275,0,2,1,0,8,732.4790476479177,744.943621929967,737.3824978717448,-363.23952382395885,0.46097122146595554,1.2123723613274242,573.4521269078716
276,0,2,1,0,9,732.4790476479177,744.943621929967,737.3824978717448,-363.23952382395885,0.46097122146595554,1.2123723613274242,573.4521269078716
277,0,2,1,0,10,732.4790476479177,744.943621929967,737.3824978717448,-363.23952382395885,0.46097122146595554,1.2123723613274242,573.4521269078716
278,0,2,1,0,11,732.4790476479177,744.943621929967,737.3824978717448,-363.23952382395885,0.46097122146595554,1.2123723613274242,573.4521269078716
279,0,2,1,0,12,732.4790476479177,744.943621929967,737.3824978717448,-363.23952382395885,0.46097122146595554,1.2123723613274242,573.4521269078716
280,0,2,1,1,8,726.1167972389424,742.736229615008,732.6547308707119,-359.0583986194712,0.4578270099623658,1.2074846166182622,571.140223660438
281,0,2,1,1,9,732.385430779327,749.0048631553926,738.9233644110965,-362.1927153896635,0.46074173819358055,1.211126762494485,572.8629586598914
282,0,2,1,1,10,734.3108752576791,750.9303076337447,740.8488088894486,-363.15543762883954,0.46086020116857407,1.2122846542314627,573.4106414514819
283,0,2,1,1,11,703.8415757192774,720.4610080953431,710.379509351047,-347.9207878596387,0.4450894600791543,1.195216151288392,565.3372395594095
284,0,2,1,1,12,702.256942665334,718.8763750413997,708.7948762971035,-347.128471332667,0.4454813335459803,1.194276950869377,564.8929977612153
285,0,2,1,2,8,703.938605201493,724.7128956715751,712.111022241205,-346.9693026007465,0.44673444414532537,1.1939914238735954,564.7579434922106
286,0,2,1,2,9,722.3604012191013,743.1346916891833,730.5328182588132,-356.18020060955064,0.45480614549356446,1.204257785972972,569.6139327652157
287,0,2,1,2,10,729.9382652999782,750.7125557700602,738.1106823396901,-359.9691326499891,0.4592541536029745,1.2085555675387818,571.6467834458438
288,0,2,1,2,11,705.7884856409934,726.5627761110754,713.9609026807053,-347.8942428204967,0.4451755242063854,1.1951909060039916,565.325298539888
289,0,2,1,2,12,668.2459868676051,689.0202773376872,676.418403907317,-329.12299343380255,0.4317374883719046,1.1753067857963362,555.920109681667
290,0,2,1,3,8,670.1416316594333,695.0707802235318,679.9485321070877,-329.07081582971665,0.4312945423553073,1.1752763642769215,555.9057203029839
291,0,2,1,3,9,717.3973591507353,742.3265077148337,727.2042595983896,-352.69867957536763,0.45023399851881557,1.2003039587550446,567.743772491136
292,0,2,1,3,10,730.7312023467389,755.6603509108373,740.5381027943932,-359.36560117336944,0.45987099141998733,1.2078646371078055,571.319973351992
293,0,2,1,3,11,705.3768873234586,730.3060358875571,715.183787771113,-346.6884436617293,0.44491948367138745,1.1938579505699736,564.6948106195975
294,0,2,1,3,12,651.8575906355845,676.786739199683,661.6644910832389,-319.92879531779226,0.42422161979368445,1.1659855508566914,551.511165555215
295,0,2,1,4,8,661.748362043233,690.832368701348,673.1897458988296,-323.8741810216165,0.42909257759938435,1.1700480576750125,553.4327312802809
296,0,2,1,4,9,687.3709349735215,716.4549416316364,698.8123188291181,-336.68546748676073,0.4346298496363496,1.1827360014994772,559.4341287092527
297,0,2,1,4,10,727.1712565826618,756.2552632407768,738.6126404382585,-356.5856282913309,0.4560553979100256,1.20468245322235,569.8148003741715
298,0,2,1,4,11,705.1031524046111,734.1871590627261,716.5445362602078,-345.55157620230557,0.44401421749750286,1.1926051213321263,564.1022223900957
299,0,2,1,4,12,649.1564005040509,678.2404071621659,660.5977843596476,-317.57820025202545,0.4223611413606462,1.1635615927814467,550.3646333856243
300,0,2,2,0,8,734.4007744569406,751.0202068330062,740.9387080887101,-363.2003872284703,0.46143947315459244,1.2123287815077273,573.431513653155
301,0,2,2,0,9,734.4007744569406,751.0202068330062,740.9387080887101,-363.2003872284703,0.46143947315459244,1.2123287815077273,573.431513653155
302,0,2,2,0,10,734.4007744569406,751.0202068330062,740.9387080887101,-363.2003872284703,0.46143947315459244,1.2123287815077273,573.431513653155
303,0,2,2,0,11,734.4007744569406,751.0202068330062,740.9387080887101,-363.2003872284703,0.46143947315459244,1.2123287815077273,573.431513653155
304,0,2,2,0,12,734.4007744569406,751.0202068330062,740.9387080887101,-363.2003872284703,0.46143947315459244,1.2123287815077273,573.431513653155
305,0,2,2,1,8,727.284806316834,748.059096786916,735.4572233565459,-358.642403158417,0.4583497394934306,1.2070160614566625,570.9185970690014
306,0,2,2,1,9,734.2334289147418,755.0077193848239,742.4058459544538,-362.1167144573709,0.4613059036224934,1.211041319383284,572.8225440682934
307,0,2,2,1,10,736.197394949827,756.971685419909,744.3698119895389,-363.0986974749135,0.46122037218929185,1.2122224886624808,573.3812371373534
308,0,2,2,1,11,701.9205446604292,722.6948351305113,710.0929617001411,-345.9602723302146,0.44746215706435555,1.193109443431066,564.3407667428943
309,0,2,2,1,12,687.3310494566031,708.1053399266851,695.503466496315,-338.66552472830153,0.4409544321397944,1.1852814610306541,560.6381310674994
310,0,2,2,2,8,702.9567861425508,727.8859347066492,712.7636865902051,-345.4783930712754,0.44742295689284733,1.1923613616551514,563.9869240628866
311,0,2,2,2,9,722.6540045420966,747.583153106195,732.4609049897509,-355.3270022710483,0.45640751048449324,1.2033122548234392,569.1666965314868
312,0,2,2,2,10,731.0064182129966,755.935566777095,740.8133186606509,-359.5032091064983,0.46074666908244855,1.2080281968926636,571.3973371302299
313,0,2,2,2,11,703.8919030455517,728.8210516096501,713.698803493206,-345.94595152277583,0.44737761633141493,1.1930927562526783,564.3328737075168
314,0,2,2,2,12,646.8872045839978,671.8163531480963,656.6941050316522,-317.4436022919989,0.4229439878151057,1.1639105956552978,550.5297117449559
315,0,2,2,3,8,661.2766978119964,690.3607044701114,672.7180816675931,-323.6383489059982,0.42952612376864474,1.1698308848280101,553.3300085236488
316,0,2,2,3,9,716.4011914663663,745.4851981244813,727.842575321963,-351.20059573318315,0.45312900227355407,1.1986879073942134,566.9793801974629
317,0,2,2,3,10,730.8924670358423,759.9764736939572,742.3338508914389,-358.44623351792114,0.4610496301601968,1.2068285662272105,570.8299118254705
318,0,2,2,3,11,702.3942931745584,731.4782998326733,713.835677030155,-344.1971465872792,0.44727858540590404,1.1911907468406917,563.4332232556471
319,0,2,2,3,12,633.100047818654,662.184054476769,644.5414316742507,-309.550023909327,0.41468269208293373,1.1552753027828564,546.4452182162911
320,0,2,2,4,8,654.461703304216,687.7005680563474,667.5375705677551,-319.230851652108,0.42804113182400555,1.1655033928372385,551.2831048120138
321,0,2,2,4,9,679.1573705429657,712.3962352950971,692.2332378065048,-331.57868527148287,0.43638762082630006,1.1773997040579027,556.910060019388
322,0,2,2,4,10,725.4192761060008,758.6581408581321,738.4951433695398,-354.7096380530004,0.4568580947258865,1.202527516104517,568.7955151174366
323,0,2,2,4,11,701.9282215243802,735.1670862765116,715.0040887879193,-342.9641107621901,0.44620071399494665,1.1898080157233981,562.7791914371674
324,0,2,2,4,12,654.0819113141496,687.3207760662809,667.1577785776886,-319.0409556570748,0.42504476957887116,1.1645841886442856,550.8483212287471
325,0,2,3,0,8,732.2326685540229,753.006959024105,740.4050855937348,-361.11633427701145,0.45859180949451933,1.2100132769405607,572.3362799928852
326,0,2,3,0,9,732.2326685540229,753.006959024105,740.4050855937348,-361.11633427701145,0.45859180949451933,1.2100132769405607,572.3362799928852
327,0,2,3,0,10,732.2326685540229,753.006959024105,740.4050855937348,-361.11633427701145,0.45859180949451933,1.2100132769405607,572.3362799928852
328,0,2,3,0,11,732.2326685540229,753.006959024105,740.4050855937348,-361.11633427701145,0.45859180949451933,1.2100132769405607,572.3362799928852
329,0,2,3,0,12,732.2326685540229,753.006959024105,740.4050855937348,-361.11633427701145,0.45859180949451933,1.2100132769405607,572.3362799928852
330,0,2,3,1,8,726.7942947051674,751.7234432692659,736.6011951528218,-357.3971473525837,0.456379269159312,1.2056872905363998,570.2900884237171
331,0,2,3,1,9,731.3501992232874,756.2793477873859,741.1570996709418,-359.6750996116437,0.45713085228500305,1.2083285246445516,571.539392156873
332,0,2,3,1,10,734.3557828501207,759.2849314142192,744.1626832977751,-361.17789142506035,0.4584921796599716,1.2100814530631643,572.3685272988768
333,0,2,3,1,11,704.3066795044385,729.235828068537,714.1135799520929,-346.15333975221927,0.44750960384795535,1.1932753821659565,564.4192557644974
334,0,2,3,1,12,688.3199286348136,713.249077198912,698.1268290824679,-338.1599643174068,0.4391863121761364,1.1847912356674335,560.406254470696
335,0,2,3,2,8,705.2655328474582,734.3495395055731,716.7069167030548,-345.6327664237291,0.4482075135296014,1.1925379516008994,564.0704511072254
336,0,2,3,2,9,729.802163354928,758.8861700130429,741.2435472105246,-357.901081677464,0.45950972999893197,1.2060828287105814,570.477177980105
337,0,2,3,2,10,730.4661353319748,759.5501419900897,741.9075191875714,-358.2330676659874,0.4589341315049534,1.2066611356393206,570.7507171573986
338,0,2,3,2,11,706.1877858483855,735.2717925065004,717.6291697039821,-346.09389292419274,0.4470709738452749,1.193259158290651,564.411581871478
339,0,2,3,2,12,648.3716755375544,677.4556821956694,659.8130593931511,-317.1858377687772,0.42276876825444915,1.1636809715862408,550.421099560292
340,0,2,3,3,8,665.0925682181744,698.3314329703057,678.1684354817135,-324.5462841090872,0.43030256187002414,1.1707140872105644,553.7477632505969
341,0,2,3,3,9,720.0401478534898,753.2790126056211,733.1160151170288,-352.0200739267449,0.45189216811263017,1.1996047671137053,567.4130548447827
342,0,2,3,3,10,733.4360982784976,766.674963030629,746.5119655420367,-358.7180491392488,0.4601779553469141,1.2072015958146733,571.0063548203404
343,0,2,3,3,11,710.6998064093268,743.9386711614582,723.7756736728659,-347.3499032046634,0.4507937053206874,1.1945530943206475,565.0236136136663
344,0,2,3,3,12,629.1890328883029,662.4278976404343,642.264900151842,-306.59451644415145,0.4128220577943091,1.1534766368628506,545.5944492361283
345,0,2,3,4,8,650.4330759891916,687.8267988353393,665.1434266606731,-316.2165379945958,0.42526311400040107,1.1625621451908659,549.8918946752796
346,0,2,3,4,9,679.620586300946,717.0143091470937,694.3309369724275,-330.810293150473,0.43575609774277685,1.1764982257487206,556.4836607791449
347,0,2,3,4,10,731.2837754325355,768.6774982786833,745.994126104017,-356.6418877162678,0.4588323155701283,1.2046591286971384,569.8037678737464
348,0,2,3,4,11,707.3319380493266,744.7256608954743,722.0422887208081,-344.6659690246633,0.44866025411438154,1.191690570536145,563.6696398635966
349,0,2,3,4,12,644.5086040759443,681.902326922092,659.2189547474258,-313.25430203797214,0.4171742337546532,1.1585811370154957,548.0088778083294
350,0,2,4,0,8,726.1918328315915,751.1209813956899,735.9987332792458,-357.0959164157957,0.4528070493057889,1.2051303823826804,570.0266708670079
351,0,2,4,0,9,726.1918328315915,751.1209813956899,735.9987332792458,-357.0959164157957,0.4528070493057889,1.2051303823826804,570.0266708670079
352,0,2,4,0,10,726.1918328315915,751.1209813956899,735.9987332792458,-357.0959164157957,0.4528070493057889,1.2051303823826804,570.0266708670079
353,0,2,4,0,11,726.1918328315915,751.1209813956899,735.9987332792458,-357.0959164157957,0.4528070493057889,1.2051303823826804,570.0266708670079
354,0,2,4,0,12,726.1918328315915,751.1209813956899,735.9987332792458,-357.0959164157957,0.4528070493057889,1.2051303823826804,570.0266708670079
355,0,2,4,1,8,721.5965726014547,750.6805792595696,733.0379564570513,-353.79828630072734,0.4535374233351644,1.2013970528902826,568.2608060171037
356,0,2,4,1,9,731.3436838502405,760.4276905083555,742.7850677058372,-358.67184192512025,0.4584375951094835,1.207039774858209,570.9298135079329
357,0,2,4,1,10,730.356105704534,759.440112362649,741.7974895601307,-358.178052852267,0.4518259460709108,1.206429122117145,570.6409747614096
358,0,2,4,1,11,698.5239359599472,727.6079426180621,709.9653198155438,-342.2619679799736,0.4405082682415354,1.1890131634402288,562.4032263072282
359,0,2,4,1,12,679.5273514267908,708.6113580849058,690.9687352823875,-332.7636757133954,0.43574079208605193,1.1790958080823373,557.7123172229456
360,0,2,4,2,8,697.9054334507006,731.1442982028319,710.9813007142396,-340.9527167253503,0.44336572928132917,1.1875354939574532,561.7042886418753
361,0,2,4,2,9,715.1535528984214,748.3924176505527,728.2294201619604,-349.5767764492107,0.44549272257319555,1.1962116514346715,565.8081111285996
362,0,2,4,2,10,721.7642531888793,755.0031179410106,734.8401204524183,-352.8821265944396,0.45004397724011264,1.2003420659119068,567.7617971763319
363,0,2,4,2,11,700.2744717332698,733.5133364854012,713.3503389968089,-342.1372358666349,0.44127826413959964,1.1888859765715551,562.3430669183456
364,0,2,4,2,12,647.1050633267895,680.3439280789208,660.1809305903286,-315.55253166339475,0.4209974337606493,1.1621289507027226,549.6869936823878
365,0,2,4,3,8,660.236547579177,697.6302704253247,674.9468982506585,-321.1182737895885,0.4268393835097958,1.1674358812381485,552.1971718256442
366,0,2,4,3,9,703.7313269868895,741.1250498330372,718.441677658371,-342.86566349344474,0.4397672056203829,1.1895584910373707,562.6611662606763
367,0,2,4,3,10,712.7250729209641,750.1187957671118,727.4354235924455,-347.36253646048203,0.449164924562428,1.1943831631940256,564.9432361907741
368,0,2,4,3,11,699.7858180575469,737.1795409036946,714.4961687290283,-340.89290902877343,0.44185401222429993,1.1875682900268052,561.7198011826789
369,0,2,4,3,12,634.6673006938574,672.0610235400052,649.3776513653389,-308.3336503469287,0.4153861526060168,1.1548731749011512,546.2550117282445
370,0,2,4,4,8,649.5374306741263,691.0860116142904,665.8822647535502,-314.76871533706316,0.4215420456739833,1.1611936085272858,549.2445768334062
371,0,2,4,4,9,671.3539078264167,712.9024887665809,687.6987419058406,-325.67695391320837,0.42847433062010154,1.1716168480131242,554.1747691102078
372,0,2,4,4,10,713.9083700610909,755.456951001255,730.2532041405148,-346.95418503054543,0.4515357521116035,1.1938163984199817,564.6751564526513
373,0,2,4,4,11,698.4854865664873,740.0340675066515,714.8303206459112,-339.24274328324367,0.4417637538191142,1.1857820080684238,560.8748898163644
374,0,2,4,4,12,629.239083174266,670.7876641144302,645.58391725369,-304.619541587133,0.40964965792834207,1.1516614181525373,544.7358507861502
375,0,3,0,0,8,1586.1787363094836,1594.4842016988919,1589.4463216044062,-791.0893681547418,1.072135797836291,3.226917136164063,1526.3318054056017
376,0,3,0,0,9,1586.1787363094836,1594.4842016988919,1589.4463216044062,-791.0893681547418,1.072135797836291,3.226917136164063,1526.3318054056017
377,0,3,0,0,10,1586.1787363094836,1594.4842016988919,1589.4463216044062,-791.0893681547418,1.072135797836291,3.226917136164063,1526.3318054056017
378,0,3,0,0,11,1586.1787363094836,1594.4842016988919,1589.4463216044062,-791.0893681547418,1.072135797836291,3.226917136164063,1526.3318054056017
379,0,3,0,0,12,1586.1787363094836,1594.4842016988919,1589.4463216044062,-791.0893681547418,1.072135797836291,3.226917136164063,1526.3318054056017
380,0,3,0,1,8,1588.1551185136211,1600.6133165977335,1593.056496456005,-791.0775592568106,1.0719333114100302,3.2268322768428925,1526.291666946688
381,0,3,0,1,9,1587.8601676219955,1600.318365706108,1592.7615455643795,-790.9300838109978,1.0715943035985185,3.2257625135949852,1525.785668930428
382,0,3,0,1,10,1585.1613951022914,1597.6195931864038,1590.0627730446754,-789.5806975511457,1.0676858800326827,3.2160056481601105,1521.1706715797322
383,0,3,0,1,11,1583.3714500182346,1595.829648102347,1588.2728279606185,-788.6857250091173,1.06632431389792,3.2095359321960917,1518.1104959287513
384,0,3,0,1,12,1583.309502542444,1595.7677006265565,1588.210880484828,-788.654751271222,1.0682618900240575,3.2092794059283043,1517.989159004088
385,0,3,0,2,8,1578.070030186027,1594.6809609648435,1584.6052007758724,-785.0350150930135,1.0620311825564521,3.1831130591842616,1505.6124769941557
386,0,3,0,2,9,1587.951616470254,1604.5625472490706,1594.4867870600995,-789.975808235127,1.0703049995145122,3.2188004521114566,1522.492613848719
387,0,3,0,2,10,1586.95041544736,1603.5613462261765,1593.4855860372054,-789.47520772368,1.0666925342221452,3.21523393167172,1520.8056496807235
388,0,3,0,2,11,1584.636907534686,1601.2478383135026,1591.1720781245315,-788.318453767343,1.0656569471627741,3.2068550957893547,1516.8424603083647
389,0,3,0,2,12,1578.006247440664,1594.6171782194806,1584.5414180305095,-785.003123720332,1.063480329181257,3.182743921470276,1505.4378748554404
390,0,3,0,3,8,1571.0001747952772,1591.7638382687978,1579.1691380325838,-780.5000873976386,1.0555511537177018,3.150629861124115,1490.2479243117064
391,0,3,0,3,9,1585.4498535317343,1606.2135170052547,1593.618816769041,-787.7249267658672,1.0613039065826242,3.2021741365742797,1514.6283665996343
392,0,3,0,3,10,1582.8577011963948,1603.6213646699152,1591.0266644337014,-786.4288505981974,1.0541156124393247,3.1926818157918886,1510.1384988695634
393,0,3,0,3,11,1586.5394826406177,1607.3031461141381,1594.7084458779243,-788.2697413203089,1.0660559721046428,3.206489454222801,1516.669511847385
394,0,3,0,3,12,1576.5779372314419,1597.3416007049623,1584.7469004687484,-783.2889686157209,1.050971215240331,3.1701504499193986,1499.4811628118755
395,0,3,0,4,8,1571.8891397182256,1596.8055358864501,1581.6918956029936,-779.9445698591128,1.0557169600861378,3.1466467879894706,1488.3639307190197
396,0,3,0,4,9,1586.0779485541289,1610.9943447223534,1595.8807044388968,-787.0389742770644,1.0543183203215982,3.197084156647415,1512.2208060942273
397,0,3,0,4,10,1584.3807163047354,1609.29711247296,1594.1834721895034,-786.1903581523677,1.0529934503651819,3.190917708179707,1509.3040759690014
398,0,3,0,4,11,1588.3941334237961,1613.3105295920207,1598.196889308564,-788.1970667118981,1.0645773085728871,3.2059422809492752,1516.410698889007
399,0,3,0,4,12,1578.4970066551907,1603.4134028234153,1588.2997625399587,-783.2485033275954,1.0520950005442475,3.1698598854977944,1499.3437258404567
400,0,3,1,0,8,1064.5164968976264,1076.9746949817388,1069.4178748400104,-529.2582484488132,0.647814029421534,2.093214331415225,990.0903787594016
401,0,3,1,0,9,1064.5164968976264,1076.9746949817388,1069.4178748400104,-529.2582484488132,0.647814029421534,2.093214331415225,990.0903787594016
402,0,3,1,0,10,1064.5164968976264,1076.9746949817388,1069.4178748400104,-529.2582484488132,0.647814029421534,2.093214331415225,990.0903787594016
403,0,3,1,0,11,1064.5164968976264,1076.9746949817388,1069.4178748400104,-529.2582484488132,0.647814029421534,2.093214331415225,990.0903787594016
404,0,3,1,0,12,1064.5164968976264,1076.9746949817388,1069.4178748400104,-529.2582484488132,0.647814029421534,2.093214331415225,990.0903787594016
405,0,3,1,1,8,1066.2549279832015,1082.865858762018,1072.7900985730469,-529.1274639916007,0.6474896308767921,2.09286762519775,989.9263867185357
406,0,3,1,1,9,1066.491506214528,1083.1024369933446,1073.0266768043734,-529.245753107264,0.6479562607982349,2.0931768386241734,990.072644669234
407,0,3,1,1,10,1064.1608149998779,1080.7717457786944,1070.6959855897233,-528.0804074999389,0.6468078519062451,2.0903291016643286,988.7256650872275
408,0,3,1,1,11,1060.4262433474955,1077.037174126312,1066.961413937341,-526.2131216737478,0.64620237212395,2.086151175623187,986.7495060697674
409,0,3,1,1,12,1066.433951412715,1083.0448821915315,1072.9691220025604,-529.2169757063575,0.6483103842365443,2.093117504474624,990.0445796164973
410,0,3,1,2,8,1057.4474941727865,1078.2111576463071,1065.616457410093,-523.7237470863932,0.6462495440316035,2.0800702270090827,983.8732173752962
411,0,3,1,2,9,1067.596239760643,1088.3599032341635,1075.7652029979495,-528.7981198803215,0.6486297002590606,2.092084627805642,989.5560289520686
412,0,3,1,2,10,1066.1639715310366,1086.927635004557,1074.3329347683432,-528.0819857655183,0.6468071911652763,2.0903353068364763,988.7286001336533
413,0,3,1,2,11,1062.2136176764038,1082.9772811499242,1070.3825809137104,-526.1068088382019,0.6465781023934863,2.085915068701398,986.6378274957613
414,0,3,1,2,12,1055.8787837301124,1076.6424472036329,1064.047746967419,-522.9393918650562,0.6414810961935767,2.0783255581599662,983.0479890096641
415,0,3,1,3,8,1047.4227733030336,1072.3391694712582,1057.2255291878016,-517.7113866515168,0.6386418178777196,2.066272018867207,977.3466649241889
416,0,3,1,3,9,1065.1385920974212,1090.0549882656458,1074.9413479821892,-526.5692960487106,0.6465723986774041,2.086702038340661,987.0100641351327
417,0,3,1,3,10,1062.778044389955,1087.6944405581796,1072.580800274723,-525.3890221949775,0.6417917005832441,2.0839140833853063,985.6913614412499
418,0,3,1,3,11,1064.2506546414793,1089.1670508097038,1074.0534105262473,-526.1253273207396,0.6465817565268819,2.085960976224899,986.6595417543774
419,0,3,1,3,12,1051.538675003406,1076.4550711716306,1061.341430888174,-519.769337501703,0.63183913232743,2.070805940422196,979.4912098196987
420,0,3,1,4,8,1046.9682441782795,1076.0373730412082,1058.404792710509,-516.4841220891398,0.6391952515625506,2.0634480939259694,976.0109484269835
421,0,3,1,4,9,1062.497078033586,1091.5662068965146,1073.9336265658153,-524.248539016793,0.6374500965803919,2.0810800877713995,984.3508815158721
422,0,3,1,4,10,1064.653150456678,1093.7222793196067,1076.0896989889075,-525.326575228339,0.6415340890099217,2.083760028394433,985.6184934305668
423,0,3,1,4,11,1066.1015807386202,1095.1707096015489,1077.5381292708496,-526.0507903693101,0.6456880216969061,2.085779491772349,986.5736996083211
424,0,3,1,4,12,1053.0815459508963,1082.150674813825,1064.5180944831257,-519.5407729754481,0.6312802930918163,2.070249571075277,979.228047118606
425,0,3,2,0,8,748.3202339766399,764.9311647554563,754.8554045664853,-370.16011698831994,0.49461392754323946,1.8226525933270294,862.1146766436849
426,0,3,2,0,9,748.3202339766399,764.9311647554563,754.8554045664853,-370.16011698831994,0.49461392754323946,1.8226525933270294,862.1146766436849
427,0,3,2,0,10,748.3202339766399,764.9311647554563,754.8554045664853,-370.16011698831994,0.49461392754323946,1.8226525933270294,862.1146766436849
428,0,3,2,0,11,748.3202339766399,764.9311647554563,754.8554045664853,-370.16011698831994,0.49461392754323946,1.8226525933270294,862.1146766436849
429,0,3,2,0,12,748.3202339766399,764.9311647554563,754.8554045664853,-370.16011698831994,0.49461392754323946,1.8226525933270294,862.1146766436849
430,0,3,2,1,8,744.2150032722991,764.9786667458196,752.3839665096058,-367.10750163614955,0.49190340186946524,1.8188585306069214,860.3200849770739
431,0,3,2,1,9,751.3615250204782,772.1251884939987,759.5304882577849,-370.6807625102391,0.49438578952703066,1.8231768366962313,862.3626437573174
432,0,3,2,1,10,749.6667002996035,770.430363773124,757.8356635369101,-369.83335014980173,0.49313120258026866,1.8222570188250113,861.9275699042304
433,0,3,2,1,11,718.7739978602465,739.537661333767,726.9429610975532,-354.38699893012324,0.47720238870164866,1.8042385792350757,853.4048479781908
434,0,3,2,1,12,721.46762182053,742.2312852940505,729.6365850578367,-355.733810910265,0.47809578985327594,1.8047166671382275,853.6309835563816
435,0,3,2,2,8,720.7557118227038,745.6721079909285,730.5584677074718,-354.3778559113519,0.47954389957242866,1.8042523849653398,853.4113780886057
436,0,3,2,2,9,756.0635155653871,780.9799117336117,765.8662714501551,-372.03175778269355,0.496254783094648,1.8244009934088445,862.9416698823835
437,0,3,2,2,10,755.3852761417515,780.3016723099762,765.1880320265195,-371.6926380708758,0.4938347548601683,1.8237759849281452,862.6460408710127
438,0,3,2,2,11,720.6532556662404,745.569651834465,730.4560115510084,-354.3266278331202,0.47723172068473335,1.8042050054406893,853.388967573446
439,0,3,2,2,12,684.1992513122641,709.1156474804887,694.0020071970321,-336.09962565613205,0.46246311249229277,1.783943626622573,843.805335392477
440,0,3,2,3,8,714.039041989737,743.1081708526658,725.4755905219664,-350.0195209948685,0.47794458649865945,1.799164105509028,851.0046219057703
441,0,3,2,3,9,746.9229240939399,775.9920529568686,758.3594726261692,-366.4614620469699,0.4908499615832306,1.8183301444139417,860.0701583077944
442,0,3,2,3,10,762.6474713118574,791.7166001747862,774.0840198440868,-374.3237356559287,0.49541554672552446,1.8267079612525006,864.0328656724328
443,0,3,2,3,11,727.1232677792457,756.1923966421745,738.5598163114751,-356.56163388962284,0.4789851571523115,1.806521718498764,854.4847728499154
444,0,3,2,3,12,715.2611798149939,744.3303086779226,726.6977283472232,-350.6305899074969,0.4749491704886853,1.7980728993115305,850.4884813743539
445,0,3,2,4,8,701.6639273005155,734.8857888581483,714.7342684802062,-342.83196365025776,0.47375777974160976,1.7913678053633384,847.3169719368591
446,0,3,2,4,9,729.5165150370283,762.7383765946611,742.586856216719,-356.75825751851414,0.4835577007624351,1.806824566676839,854.6280200381449
447,0,3,2,4,10,743.6775226001009,776.8993841577337,756.7478637797916,-363.83876130005046,0.48702314554791104,1.8149738004035083,858.4826075908594
448,0,3,2,4,11,722.0433333107242,755.265194868357,735.1136744904148,-353.0216666553621,0.4761906194272973,1.8026909664197444,852.6728271165391
449,0,3,2,4,12,771.7504821835023,804.9723437411351,784.820823363193,-377.87524109175115,0.4988037234186283,1.8261405845469774,863.7644964907203
450,0,3,3,0,8,750.3435092427185,771.107172716239,758.5124724800252,-370.17175462135924,0.4948293930929222,1.8226861756795898,862.130561096446
451,0,3,3,0,9,750.3435092427185,771.107172716239,758.5124724800252,-370.17175462135924,0.4948293930929222,1.8226861756795898,862.130561096446
452,0,3,3,0,10,750.3435092427185,771.107172716239,758.5124724800252,-370.17175462135924,0.4948293930929222,1.8226861756795898,862.130561096446
453,0,3,3,0,11,750.3435092427185,771.107172716239,758.5124724800252,-370.17175462135924,0.4948293930929222,1.8226861756795898,862.130561096446
454,0,3,3,0,12,750.3435092427185,771.107172716239,758.5124724800252,-370.17175462135924,0.4948293930929222,1.8226861756795898,862.130561096446
455,0,3,3,1,8,743.7182508469539,768.6346470151785,753.5210067317219,-365.85912542347694,0.4918880800799919,1.8175203114569,859.6871073191137
456,0,3,3,1,9,749.9796704420986,774.8960666103233,759.7824263268666,-368.9898352210493,0.49338541209516146,1.82122632922697,861.4400537243567
457,0,3,3,1,10,752.2104936491585,777.1268898173831,762.0132495339265,-370.10524682457924,0.49442728293346766,1.8226188057254504,862.098695108138
458,0,3,3,1,11,717.1536270228356,742.0700231910603,726.9563829076036,-352.5768135114178,0.4787628465176991,1.8024095386914878,852.5397118010737
459,0,3,3,1,12,702.7968248123929,727.7132209806175,712.5995806971608,-345.3984124061964,0.47307557977322157,1.7943864142784398,848.7447739537021
460,0,3,3,2,8,730.6939799600534,759.7631088229822,742.1305284922828,-358.3469899800267,0.4833814662216509,1.8087133504416124,855.5214147588827
461,0,3,3,2,9,739.8834562990145,768.9525851619433,751.3200048312439,-362.94172814950724,0.4901430943360854,1.8144785097763765,858.2483351242261
462,0,3,3,2,10,747.7230770353697,776.7922058982984,759.159625567599,-366.86153851768483,0.49129612695927993,1.8187423605472297,860.2651365388397
463,0,3,3,2,11,719.8428055903402,748.9119344532689,731.2793541225695,-352.9214027951701,0.4790352633053698,1.8027672071256924,852.7088889704524
464,0,3,3,2,12,780.2176508746796,809.2867797376084,791.654199406909,-383.1088254373398,0.4957791078080916,1.8221946963897195,861.8980913923374
465,0,3,3,3,8,696.7577559732051,729.9796175308379,709.8280971528958,-340.37887798660256,0.46513831448221377,1.78624904514827,844.8957983551317
466,0,3,3,3,9,,,,,,,
467,0,3,3,3,10,803.241360391087,836.4632219487198,816.3117015707777,-393.6206801955435,0.5185620742923847,1.8509925401889455,875.5194715093712
468,0,3,3,3,11,731.3750926782159,764.5969542358487,744.4454338579066,-357.68754633910794,0.48164898652765403,1.8077333865479406,855.0578918371759
469,0,3,3,3,12,741.2945681445128,774.5164297021456,754.3649093242035,-362.6472840722564,0.4783346729083121,1.80086328350038,851.8083330956797
470,0,3,3,4,8,705.5511780739818,742.9257723263187,720.2553119011338,-343.7755890369909,0.47476369496951487,1.7921884985254968,847.7051598025599
471,0,3,3,4,9,796.8670545002007,834.2416487525376,811.5711883273527,-389.4335272501003,0.5040362265748068,1.8403921296753505,870.5054773364408
472,0,3,3,4,10,779.753559055153,817.1281533074899,794.4576928823051,-380.8767795275765,0.508839774147982,1.8347802960612496,867.8510800369711
473,0,3,3,4,11,754.6575242772578,792.0321185295948,769.3616581044099,-368.3287621386289,0.4937480684737455,1.8195636309091037,860.653597420006
474,0,3,3,4,12,729.5304382011502,766.9050324534871,744.2345720283023,-355.7652191005751,0.4714563266691174,1.7880187361330795,845.7328621909465
475,0,3,4,0,8,751.6271064402354,776.54350260846,761.4298623250033,-369.8135532201177,0.4933237329989784,1.8217914214535833,861.7073423475449
476,0,3,4,0,9,751.6271064402354,776.54350260846,761.4298623250033,-369.8135532201177,0.4933237329989784,1.8217914214535833,861.7073423475449
477,0,3,4,0,10,751.6271064402354,776.54350260846,761.4298623250033,-369.8135532201177,0.4933237329989784,1.8217914214535833,861.7073423475449
478,0,3,4,0,11,751.6271064402354,776.54350260846,761.4298623250033,-369.8135532201177,0.4933237329989784,1.8217914214535833,861.7073423475449
479,0,3,4,0,12,751.6271064402354,776.54350260846,761.4298623250033,-369.8135532201177,0.4933237329989784,1.8217914214535833,861.7073423475449
480,0,3,4,1,8,744.8439274393206,773.9130563022494,756.28047597155,-365.4219637196603,0.4887378266655101,1.8168542221995763,859.3720471003995
481,0,3,4,1,9,747.5979532617463,776.6670821246751,759.0345017939757,-366.79897663087314,0.4878037176989745,1.8187711570298197,860.2787572751047
482,0,3,4,1,10,749.9055993069685,778.9747281698973,761.3421478391979,-367.95279965348425,0.489848103095885,1.8201157692110448,860.9147588368241
483,0,3,4,1,11,719.0807271924906,748.1498560554194,730.51727572472,-352.5403635962453,0.47932031974432154,1.8023943466544994,852.5325259675782
484,0,3,4,1,12,703.1391368455593,732.208265708488,714.5756853777887,-344.56956842277964,0.4709121972890357,1.793507990862121,848.3292796777832
485,0,3,4,2,8,722.4563492254055,755.6782107830383,735.5266904050961,-353.22817461270273,0.47698176157555294,1.8032159078675303,852.9211244213418
486,0,3,4,2,9,768.197273486038,801.4191350436707,781.2676146657286,-376.098636743019,0.5049863510222413,1.8295098256196467,865.3581475180929
487,0,3,4,2,10,780.8033299610379,814.0251915186707,793.8736711407286,-382.40166498051894,0.5057634699529581,1.8353884855159848,868.1387536490608
488,0,3,4,2,11,734.4002236676406,767.6220852252734,747.4705648473313,-359.2001118338203,0.4828524884396016,1.809439656184112,855.8649573750849
489,0,3,4,2,12,797.0939153985744,830.3157769562072,810.164256578265,-390.5469576992872,0.49998543793040223,1.8284687969259303,864.8657409459651
490,0,3,4,3,8,729.2775243456841,766.652118598021,743.9816581728362,-355.63876217284206,0.48551473387496696,1.8046703412826528,853.6090714266948
491,0,3,4,3,9,753.1437689285559,790.5183631808928,767.847902755708,-367.57188446427796,0.48633600988825787,1.8195771031891597,860.6599698084725
492,0,3,4,3,10,756.7283263564582,794.1029206087951,771.4324601836103,-369.3641631782291,0.49342628134263805,1.821257885448113,861.4549798169575
493,0,3,4,3,11,747.3527868394722,784.7273810918091,762.0569206666243,-364.6763934197361,0.4939373256302735,1.8157085054376385,858.8301230720031
494,0,3,4,3,12,749.5754765898463,786.9500708421832,764.2796104169984,-365.78773829492314,0.4788802819313877,1.8036472080091894,853.1251293883466
495,0,3,4,4,8,710.8538240945669,752.381151041608,727.1917505691803,-345.42691204728345,0.4789688622822257,1.794110797360827,848.6144071516712
496,0,3,4,4,9,737.1428948969475,778.6702218439885,753.4808213715609,-358.57144744847375,0.48007003147650107,1.8078487084323818,855.1124390885166
497,0,3,4,4,10,760.2339490440066,801.7612759910477,776.57187551862,-370.1169745220033,0.49451448391680625,1.8215043909262156,861.5715769081
498,0,3,4,4,11,762.5755216623785,804.1028486094195,778.9134481369919,-371.28776083118925,0.49550433612161315,1.8230202789274639,862.2885919326905
499,0,3,4,4,12,732.2552912538741,773.7826182009152,748.5932177284875,-356.12764562693707,0.4738098850673732,1.792307907513925,847.7616402540865
500,0,4,0,0,8,2162.661648360615,2170.9628538975076,2165.9278487131955,-1079.3308241803074,1.94684550719108,8.47405213068954,4008.226657816152
501,0,4,0,0,9,2162.661648360615,2170.9628538975076,2165.9278487131955,-1079.3308241803074,1.94684550719108,8.47405213068954,4008.226657816152
502,0,4,0,0,10,2162.661648360615,2170.9628538975076,2165.9278487131955,-1079.3308241803074,1.94684550719108,8.47405213068954,4008.226657816152
503,0,4,0,0,11,2162.661648360615,2170.9628538975076,2165.9278487131955,-1079.3308241803074,1.94684550719108,8.47405213068954,4008.226657816152
504,0,4,0,0,12,2162.661648360615,2170.9628538975076,2165.9278487131955,-1079.3308241803074,1.94684550719108,8.47405213068954,4008.226657816152
505,0,4,0,1,8,2164.6399475275894,2177.0917558329284,2169.53924805646,-1079.3199737637947,1.9458231689401209,8.473779119584837,4008.097523563628
506,0,4,0,1,9,2163.884031740624,2176.335840045963,2168.7833322694946,-1078.942015870312,1.9422895324751759,8.464369501471602,4003.6467741960673
507,0,4,0,1,10,2161.363872139973,2173.815680445312,2166.2631726688437,-1077.6819360699865,1.9368152822116982,8.432930047778074,3988.7759125990287
508,0,4,0,1,11,2158.770545757753,2171.222354063092,2163.669846286624,-1076.3852728788765,1.9302292289457506,8.400740397437273,3973.5502079878306
509,0,4,0,1,12,2155.901950913293,2168.353759218632,2160.801251442164,-1074.9509754566466,1.9253726501794464,8.365004730730854,3956.647237635694
510,0,4,0,2,8,2152.0628880608306,2168.665299134616,2158.5952887659914,-1072.0314440304153,1.939446213358478,8.292294751447242,3922.255417434546
511,0,4,0,2,9,2162.7793977853835,2179.381808859169,2169.3117984905443,-1077.3896988926917,1.9413409104955068,8.425279018750953,3985.156975869201
512,0,4,0,2,10,2163.125177968088,2179.727589041873,2169.6575786732487,-1077.562588984044,1.9349515510694382,8.429930211114234,3987.356989857033
513,0,4,0,2,11,2159.383216047069,2175.985627120854,2165.9156167522297,-1075.6916080235344,1.9280063567576948,8.383348705946226,3965.323937912565
514,0,4,0,2,12,2151.242472348231,2167.844883422016,2157.7748730533917,-1071.6212361741154,1.9193153277827752,8.282143927931912,3917.4540779117942
515,0,4,0,3,8,2144.507146640781,2165.260160483012,2152.672647522232,-1067.2535733203904,1.9249389919866287,8.174808965230916,3866.6846405542237
516,0,4,0,3,9,2159.307257691376,2180.060271533607,2167.4727585728274,-1074.653628845688,1.9289176794969318,8.355752715903455,3952.271034622334
517,0,4,0,3,10,2159.558720414905,2180.3117342571363,2167.7242212963565,-1074.7793602074526,1.921526397726791,8.358797408434286,3953.7111741894173
518,0,4,0,3,11,2161.3311499386555,2182.0841637808867,2169.496650820107,-1075.6655749693277,1.928402246049596,8.382692036065796,3965.0133330591216
519,0,4,0,3,12,2150.240161144962,2170.993174987193,2158.405662026413,-1070.120080572481,1.8966205683959212,8.24431806790528,3899.562446119197
520,0,4,0,4,8,2145.773910740638,2170.6775273513153,2155.5725117983793,-1066.886955370319,1.925382898938819,8.16576159308957,3862.4052335313663
521,0,4,0,4,9,2160.480932924189,2185.3845495348664,2170.2795339819304,-1074.2404664620944,1.915919924154394,8.345242887232414,3947.299885660932
522,0,4,0,4,10,2161.0675016703944,2185.971118281072,2170.866102728136,-1074.5337508351972,1.9196278074307795,8.352494329623578,3950.7298179119525
523,0,4,0,4,11,2163.0136316003563,2187.917248211034,2172.812232658098,-1075.5068158001782,1.923239748883665,8.378553400988416,3963.0557586675204
524,0,4,0,4,12,2151.635218698658,2176.5388353093354,2161.4338197563993,-1069.817609349329,1.8964929666795378,8.236742763997906,3895.9793273710093
525,0,4,1,0,8,1591.961396690828,1604.4132049961668,1596.8606972196987,-792.980698345414,1.1155532301427824,4.385688053591584,2074.430449348819
526,0,4,1,0,9,1591.961396690828,1604.4132049961668,1596.8606972196987,-792.980698345414,1.1155532301427824,4.385688053591584,2074.430449348819
527,0,4,1,0,10,1591.961396690828,1604.4132049961668,1596.8606972196987,-792.980698345414,1.1155532301427824,4.385688053591584,2074.430449348819
528,0,4,1,0,11,1591.961396690828,1604.4132049961668,1596.8606972196987,-792.980698345414,1.1155532301427824,4.385688053591584,2074.430449348819
529,0,4,1,0,12,1591.961396690828,1604.4132049961668,1596.8606972196987,-792.980698345414,1.1155532301427824,4.385688053591584,2074.430449348819
530,0,4,1,1,8,1593.950694553781,1610.553105627566,1600.483095258942,-792.9753472768905,1.11538235303217,4.38562255066373,2074.3994664639445
531,0,4,1,1,9,1593.5902176341128,1610.192628707898,1600.122618339274,-792.7951088170564,1.1148642497470462,4.384421862182947,2073.831540812534
532,0,4,1,1,10,1591.1012543802922,1607.7036654540773,1597.6336550854533,-791.5506271901461,1.1110794286927357,4.374837401703367,2069.2980910056926
533,0,4,1,1,11,1588.9555644921911,1605.5579755659762,1595.4879651973522,-790.4777822460956,1.109312388325949,4.367812189713021,2065.975165734259
534,0,4,1,1,12,1589.2948985302346,1605.8973096040197,1595.8272992353957,-790.6474492651173,1.1117344806054776,4.36857272612798,2066.334899458535
535,0,4,1,2,8,1584.1834413668666,1604.936455209098,1592.3489422483178,-787.0917206834333,1.1053637818638204,4.342319507584998,2053.917127087704
536,0,4,1,2,9,1593.8037986709032,1614.5568125131347,1601.9692995523544,-791.9018993354516,1.1136122443926526,4.377657613286502,2070.6320510845153
537,0,4,1,2,10,1592.8451294439528,1613.5981432861843,1601.010630325404,-791.4225647219764,1.110012658815299,4.373972110802786,2068.8888084097175
538,0,4,1,2,11,1590.1445383352673,1610.8975521774987,1598.3100392167185,-790.0722691676336,1.108578481058031,4.364934244873797,2064.6138978253057
539,0,4,1,2,12,1583.7343462756255,1604.487360117857,1591.8998471570767,-786.8671731378128,1.106830681815144,4.341244001618653,2053.408412765623
540,0,4,1,3,8,1576.8510094152289,1601.7546260259066,1586.6496104729704,-782.4255047076144,1.0986710226319678,4.309114225499988,2038.2110286614943
541,0,4,1,3,9,1591.4954556132247,1616.3990722239025,1601.2940566709663,-789.7477278066124,1.1048217038635075,4.361529406963741,2063.0034094938496
542,0,4,1,3,10,1588.5317076782812,1613.435324288959,1598.3303087360227,-788.2658538391406,1.097091612160438,4.350672747379352,2057.868209510433
543,0,4,1,3,11,1592.0187133685738,1616.9223299792516,1601.8173144263153,-790.0093566842869,1.109013300664639,4.3644851914641976,2064.4014955625653
544,0,4,1,3,12,1582.1364641695898,1607.0400807802675,1591.9350652273313,-785.0682320847949,1.0939408366694512,4.3279183258056655,2047.1053681060798
545,0,4,1,4,8,1577.8480254490614,1606.9022448281853,1589.2797266830933,-781.9240127245307,1.0988356107033637,4.305408934593755,2036.4584260628462
546,0,4,1,4,9,1592.0272309009008,1621.0814502800247,1603.4589321349326,-789.0136154504504,1.0970346750990554,4.355929617588366,2060.3547091192972
547,0,4,1,4,10,1589.9931985605494,1619.0474179396733,1601.4248997945813,-787.9965992802747,1.0959727236305032,4.34868345677042,2056.9272750524087
548,0,4,1,4,11,1593.905467596696,1622.95968697582,1605.337168830728,-789.952733798348,1.1076937096501875,4.364049847276731,2064.1955777618937
549,0,4,1,4,12,1584.1314148467204,1613.1856342258443,1595.5631160807523,-785.0657074233602,1.0950282719762348,4.327958262773635,2047.124258291929
550,0,4,2,0,8,1077.2507138607302,1093.8531249345153,1083.7831145658913,-534.6253569303651,0.6929091574903185,3.2508789411432932,1537.6657391607778
551,0,4,2,0,9,1077.2507138607302,1093.8531249345153,1083.7831145658913,-534.6253569303651,0.6929091574903185,3.2508789411432932,1537.6657391607778
552,0,4,2,0,10,1077.2507138607302,1093.8531249345153,1083.7831145658913,-534.6253569303651,0.6929091574903185,3.2508789411432932,1537.6657391607778
553,0,4,2,0,11,1077.2507138607302,1093.8531249345153,1083.7831145658913,-534.6253569303651,0.6929091574903185,3.2508789411432932,1537.6657391607778
554,0,4,2,0,12,1077.2507138607302,1093.8531249345153,1083.7831145658913,-534.6253569303651,0.6929091574903185,3.2508789411432932,1537.6657391607778
555,0,4,2,1,8,1079.0579347071086,1099.81094854934,1087.2234355885598,-534.5289673535543,0.6925487725934136,3.250601983209465,1537.534738058077
556,0,4,2,1,9,1079.25142687258,1100.0044407148114,1087.4169277540311,-534.62571343629,0.6930046402019066,3.250877762532344,1537.6651816777987
557,0,4,2,1,10,1077.0800260327082,1097.8330398749397,1085.2455269141594,-533.5400130163541,0.6922217919637889,3.248143985701877,1536.3721052369876
558,0,4,2,1,11,1072.957806201527,1093.7108200437585,1081.1233070829783,-531.4789031007635,0.6916291102289354,3.2434338440509074,1534.1442082360793
559,0,4,2,1,12,1079.1667024964527,1099.919716338684,1087.3322033779039,-534.5833512482263,0.6932753238333635,3.250774728951944,1537.6164467942695
560,0,4,2,2,8,1070.4584374193769,1095.3620540300547,1080.2570384771184,-529.2292187096884,0.6914618651571214,3.237723226091055,1531.443085941069
561,0,4,2,2,9,1080.349184946475,1105.2528015571527,1090.1477860042164,-534.1745924732375,0.6937355995564094,3.2498179033927967,1537.163868304793
562,0,4,2,2,10,1079.0344386367012,1103.938055247379,1088.8330396944427,-533.5172193183506,0.6921836105189234,3.2480725066505234,1536.3382956456976
563,0,4,2,2,11,1074.881561070636,1099.7851776813138,1084.6801621283776,-531.440780535318,0.6922647589119408,3.2432565842899717,1534.0603643691566
564,0,4,2,2,12,1069.013378524006,1093.9169951346837,1078.8119795817474,-528.506689262003,0.6858905114215177,3.235737617123215,1530.5038928992808
565,0,4,2,3,8,1060.56289106107,1089.617110440194,1071.994592295102,-523.281445530535,0.6837121098502768,3.223526442206134,1524.7280071635014
566,0,4,2,3,9,1077.866581045895,1106.9208004250188,1089.2982822799268,-531.9332905229475,0.6918126623779641,3.244398292263451,1534.6003922406123
567,0,4,2,3,10,1075.8088280836173,1104.8630474627412,1087.2405293176491,-530.9044140418086,0.6872011075155462,3.24164839521203,1533.29969093529
568,0,4,2,3,11,1076.7835885538066,1105.8378079329304,1088.2152897878384,-531.3917942769033,0.6921057068671005,3.243198895067718,1534.0330773670307
569,0,4,2,3,12,1065.384323036594,1094.4385424157178,1076.8160242706258,-525.692161518297,0.675381067655457,3.228812988154057,1527.2285433968689
570,0,4,2,4,8,1059.5929068675948,1092.797729015165,1072.6577082779168,-521.7964534337974,0.6839589114597611,3.2202496619710748,1523.1780901123184
571,0,4,2,4,9,1077.1879714377096,1110.3927935852798,1090.2527728480316,-530.5939857188548,0.6835302002461482,3.2413490663628637,1533.1581083896344
572,0,4,2,4,10,1077.7056081829178,1110.910430330488,1090.7704095932397,-530.8528040914589,0.6869800623898337,3.2414858228710726,1533.2227942180173
573,0,4,2,4,11,1079.1436944637633,1112.3485166113335,1092.2084958740852,-531.5718472318816,0.6923138684720535,3.243654854884856,1534.2487463605369
574,0,4,2,4,12,1068.6843222181537,1101.889144365724,1081.7491236284757,-526.3421611090769,0.6805502364105671,3.2306206565443962,1528.0835705454995
575,0,4,3,0,8,795.0263911699142,815.7794050121456,803.1918920513655,-392.5131955849571,0.5572526300105787,2.9988350096622756,1418.4489595702564
576,0,4,3,0,9,795.0263911699142,815.7794050121456,803.1918920513655,-392.5131955849571,0.5572526300105787,2.9988350096622756,1418.4489595702564
577,0,4,3,0,10,795.0263911699142,815.7794050121456,803.1918920513655,-392.5131955849571,0.5572526300105787,2.9988350096622756,1418.4489595702564
578,0,4,3,0,11,795.0263911699142,815.7794050121456,803.1918920513655,-392.5131955849571,0.5572526300105787,2.9988350096622756,1418.4489595702564
579,0,4,3,0,12,795.0263911699142,815.7794050121456,803.1918920513655,-392.5131955849571,0.5572526300105787,2.9988350096622756,1418.4489595702564
580,0,4,3,1,8,813.5759000957361,838.4795167064137,823.3745011534776,-400.78795004786804,0.5648561364664563,3.009303883887057,1423.400737078578
581,0,4,3,1,9,809.1017157514924,834.0053323621701,818.9003168092339,-398.5508578757462,0.5681571758277757,3.006669552604417,1422.1546983818891
582,0,4,3,1,10,794.4940311444027,819.3976477550804,804.2926322021442,-391.24701557220135,0.5576363515246898,2.9977700554549815,1417.9452362302063
583,0,4,3,1,11,759.7075895587361,784.6112061694138,769.5061906164776,-373.85379477936806,0.5430364179495246,2.9756652771366827,1407.489676085651
584,0,4,3,1,12,862.9648388132517,887.8684554239294,872.7634398709932,-425.48241940662587,0.595038243909827,3.0441840003469727,1439.8990321641181
585,0,4,3,2,8,781.6452510626148,810.6994704417388,793.0769522966465,-383.8226255313074,0.5544314340098925,2.98770757493056,1413.185682942155
586,0,4,3,2,9,876.7556180611289,905.8098374402529,888.1873192951606,-431.37780903056444,0.5949823840995895,3.052472197442117,1443.8193493901215
587,0,4,3,2,10,817.6516591385443,846.7058785176683,829.0833603725761,-401.8258295692722,0.5677121191264706,3.007521210019045,1422.5575323390083
588,0,4,3,2,11,859.758937719238,888.813157098362,871.1906389532697,-422.879468859619,0.5882502690309517,3.0386289557183783,1437.271496054793
589,0,4,3,2,12,948.2475724468986,977.3017918260226,959.6792736809304,-467.1237862234493,0.6254967111407893,3.104910790960275,1468.62280412421
590,0,4,3,3,8,740.7768099366248,773.981632084195,753.8416113469468,-362.3884049683124,0.5338538049102427,2.9622486189599435,1401.1435967680534
591,0,4,3,3,9,911.6325230693241,944.8373452168943,924.6973244796461,-447.81626153466203,0.6082874194229143,3.0736601597290885,1453.841255551859
592,0,4,3,3,10,806.1446066014545,839.3494287490247,819.2094080117765,-395.07230330072724,0.5586767069683074,3.0011208942793113,1419.5301829941143
593,0,4,3,3,11,859.0980078454872,892.3028299930575,872.1628092558093,-421.5490039227436,0.5884522934132633,3.0376986076023007,1436.8314413958883
594,0,4,3,3,12,888.7039926108414,921.9088147584116,901.7687940211634,-436.3519963054207,0.5824765183766076,3.0513037189112775,1443.2666590450342
595,0,4,3,4,8,732.493180257774,769.8486051737906,747.1910818443863,-357.246590128887,0.5280575876412988,2.9555836829578963,1397.9910820390849
596,0,4,3,4,9,874.5499702462267,911.9053951622433,889.247871832839,-428.27498512311337,0.5793806413897409,3.0425836456901783,1439.1420644114544
597,0,4,3,4,10,950.1047698592002,987.4601947752168,964.8026714458125,-466.0523849296001,0.6288829724537703,3.10467616736524,1468.5118271637584
598,0,4,3,4,11,841.056931448129,878.4123563641456,855.7548330347413,-411.5284657240645,0.5755428264338451,3.0242471160275293,1430.4688858810214
599,0,4,3,4,12,854.850773208133,892.2061981241495,869.5486747947452,-418.4253866040665,0.5759546539449397,3.022036081545441,1429.4230665709936
600,0,4,4,0,8,798.8673211441277,823.7709377548053,808.6659222018692,-393.43366057206384,0.559465788582973,2.997727940370333,1417.9253157951675
601,0,4,4,0,9,798.8673211441277,823.7709377548053,808.6659222018692,-393.43366057206384,0.559465788582973,2.997727940370333,1417.9253157951675
602,0,4,4,0,10,798.8673211441277,823.7709377548053,808.6659222018692,-393.43366057206384,0.559465788582973,2.997727940370333,1417.9253157951675
603,0,4,4,0,11,798.8673211441277,823.7709377548053,808.6659222018692,-393.43366057206384,0.559465788582973,2.997727940370333,1417.9253157951675
604,0,4,4,0,12,798.8673211441277,823.7709377548053,808.6659222018692,-393.43366057206384,0.559465788582973,2.997727940370333,1417.9253157951675
605,0,4,4,1,8,795.1799925525999,824.2342119317238,806.6116937866316,-390.5899962762999,0.5587911794067877,2.9954841224345037,1416.8639899115203
606,0,4,4,1,9,799.8246849661687,828.8789043452927,811.2563862002004,-392.91234248308433,0.5633914391965846,2.998794418996137,1418.4297601851729
607,0,4,4,1,10,799.5731230862232,828.6273424653472,811.0048243202549,-392.7865615431116,0.5582760527040946,2.9991057182928698,1418.5770047525275
608,0,4,4,1,11,789.064366250886,818.11858563001,800.4960674849177,-387.532183125443,0.5668571472221418,2.9933048713596917,1415.8332041531341
609,0,4,4,1,12,837.5684683195082,866.6226876986321,849.0001695535399,-411.7842341597541,0.5720339028201871,3.0237874368862845,1430.2514576472126
610,0,4,4,2,8,801.1111468757767,834.315969023347,814.1759482860988,-392.55557343788837,0.5539910637034797,2.998288094720628,1418.190268802857
611,0,4,4,2,9,803.0345982986283,836.2394204461986,816.0993997089504,-393.51729914931417,0.5579477695943521,3.000530057121213,1419.2507170183337
612,0,4,4,2,10,863.7750083321391,896.9798304797093,876.8398097424612,-423.88750416606956,0.5871312967204899,3.04167145255921,1438.7105970605064
613,0,4,4,2,11,770.7355395917676,803.9403617393378,783.8003410020897,-377.3677697958838,0.5484985319929333,2.9798156055202742,1409.4527814110897
614,0,4,4,2,12,826.0963609420628,859.301183089633,839.1611623523848,-405.0481804710314,0.5594356032841045,3.002912501082467,1420.3776130120068
615,0,4,4,3,8,743.5200328181552,780.8754577341717,758.2179344047674,-362.7600164090776,0.5349159008327871,2.962980072822521,1401.4895744450523
616,0,4,4,3,9,944.5078085303613,981.8632334463779,959.2057101169736,-463.25390426518067,0.6179948354141193,3.0966259976714756,1464.704096898608
617,0,4,4,3,10,872.1001225345423,909.4555474505588,886.7980241211545,-427.05006126727113,0.5944671093682796,3.0460990817918128,1440.8048656875274
618,0,4,4,3,11,865.7578803663205,903.113305282337,880.4557819529327,-423.87894018316024,0.5878353340385384,3.039911748919186,1437.878257238775
619,0,4,4,3,12,803.2894541303515,840.644879046368,817.9873557169637,-392.64472706517574,0.5521793468579241,2.9906822481556974,1414.592703377645
620,0,4,4,4,8,737.9638110983841,779.4698387828469,754.2948128612866,-358.98190554919205,0.5318174219359371,2.9575093891588913,1398.9019410721555
621,0,4,4,4,9,902.1378998008731,943.6439274853359,918.4689015637756,-441.06894990043656,0.5930674768950711,3.054339703080474,1444.7026795570641
622,0,4,4,4,10,817.6427192083108,859.1487468927736,833.9737209712133,-398.8213596041554,0.5700491212153012,3.0082637354124597,1422.9087468500934
623,0,4,4,4,11,894.9331690764074,936.4391967608701,911.2641708393098,-437.4665845382037,0.6043317453214481,3.061843534491172,1448.2519918143244
624,0,4,4,4,12,825.4491227707756,866.9551504552384,841.7801245336781,-402.7245613853878,0.5544094229293842,2.9996279282374636,1418.8240100563203
625,1,0,0,0,8,694.456529694806,706.9338158602818,699.36410918027,-344.228264847403,0.3839649677309039,0.25034752203528654,118.41437792269053
626,1,0,0,0,9,694.456529694806,706.9338158602818,699.36410918027,-344.228264847403,0.3839649677309039,0.25034752203528654,118.41437792269053
627,1,0,0,0,10,694.456529694806,706.9338158602818,699.36410918027,-344.228264847403,0.3839649677309039,0.25034752203528654,118.41437792269053
628,1,0,0,0,11,694.456529694806,706.9338158602818,699.36410918027,-344.228264847403,0.3839649677309039,0.25034752203528654,118.41437792269053
629,1,0,0,0,12,694.456529694806,706.9338158602818,699.36410918027,-344.228264847403,0.3839649677309039,0.25034752203528654,118.41437792269053
630,1,0,0,1,8,769.9366663497782,786.5730479037459,776.4801056637302,-380.9683331748891,0.4243467327821211,0.304303294529397,143.93545831240476
631,1,0,0,1,9,696.009074129608,712.6454556835757,702.5525134435601,-344.004537064804,0.38369243524664476,0.2501012325903274,118.29788301522487
632,1,0,0,1,10,694.8105535063498,711.4469350603175,701.3539928203019,-343.4052767531749,0.3823510441203538,0.24949218240400065,118.0098022770923
633,1,0,0,1,11,655.6585995351679,672.2949810891356,662.20203884912,-323.82929976758396,0.3660162924812718,0.22963928639812276,108.61938246631206
634,1,0,0,1,12,652.9030445730446,669.5394261270122,659.4464838869966,-322.4515222865223,0.36234515618121227,0.2282771752002675,107.97510386972652
635,1,0,0,2,8,675.4278372967755,696.2233142392352,683.6071364392154,-332.71391864838773,0.3721318752985977,0.23822673828202345,112.68124720739709
636,1,0,0,2,9,689.1147752994118,709.9102522418715,697.2940744418518,-339.5573876497059,0.38000270733829045,0.24537320266942775,116.06152486263933
637,1,0,0,2,10,692.4824539597357,713.2779309021954,700.6617531021757,-341.24122697986786,0.3806407444150291,0.24717616699124254,116.91432698685772
638,1,0,0,2,11,657.4574067169434,678.2528836594031,665.6367058593834,-323.7287033584717,0.3656589947613771,0.22954285283441492,108.57376939067825
639,1,0,0,2,12,619.0827394557563,639.878216398216,627.2620385981962,-304.54136972787813,0.35289770375569685,0.21128661207420288,99.93856751109796
640,1,0,0,3,8,634.9781411287465,659.9327134596981,644.7933000996745,-311.48907056437326,0.3581699841430782,0.2175599471513469,102.90585500258709
641,1,0,0,3,9,686.719384771317,711.6739571022686,696.534543742245,-337.3596923856585,0.37763025133826117,0.2430117330921823,114.94454975260223
642,1,0,0,3,10,693.87806287208,718.8326352030316,703.693221843008,-340.93903143604,0.38130727803092535,0.24684738124361677,116.75881132823073
643,1,0,0,3,11,657.7301853164649,682.6847576474165,667.5453442873929,-322.86509265823247,0.3657040076934849,0.22867849083093403,108.1649261630318
644,1,0,0,3,12,604.8901909222573,629.8447632532088,614.7053498931853,-296.44509546112863,0.3472457943545494,0.20388551356500093,96.43784791624543
645,1,0,0,4,8,628.0303020912131,657.1439698106567,639.4813208906291,-307.01515104560656,0.35618833926361604,0.21337092683232045,100.92444839168758
646,1,0,0,4,9,651.2137447526857,680.3274124721293,662.6647635521017,-318.60687237634284,0.35972546007609096,0.22409035895728374,105.99473978679521
647,1,0,0,4,10,692.1433839579244,721.2570516773678,703.5944027573403,-339.0716919789622,0.3779539936676859,0.2448162663804481,115.79809399795195
648,1,0,0,4,11,657.8918562326476,687.0055239520912,669.3428750320636,-321.9459281163238,0.36479849241899015,0.22777442796303968,107.73730442651777
649,1,0,0,4,12,602.8639568766409,631.9776245960845,614.314975676057,-294.43197843832047,0.3468309623793994,0.20206973081610102,95.57898267601578
650,1,0,1,0,8,695.264842489015,711.9012240429827,701.808281802967,-343.6324212445075,0.382012140530086,0.24971683851511214,118.11606461764805
651,1,0,1,0,9,695.264842489015,711.9012240429827,701.808281802967,-343.6324212445075,0.382012140530086,0.24971683851511214,118.11606461764805
652,1,0,1,0,10,695.264842489015,711.9012240429827,701.808281802967,-343.6324212445075,0.382012140530086,0.24971683851511214,118.11606461764805
653,1,0,1,0,11,695.264842489015,711.9012240429827,701.808281802967,-343.6324212445075,0.382012140530086,0.24971683851511214,118.11606461764805
654,1,0,1,0,12,695.264842489015,711.9012240429827,701.808281802967,-343.6324212445075,0.382012140530086,0.24971683851511214,118.11606461764805
655,1,0,1,1,8,1049.2463347986782,1070.0418117411377,1057.4256339411181,-519.6231673993391,0.5679401569981979,0.6508999974955606,307.87569881540014
656,1,0,1,1,9,697.0374679647828,717.8329449072424,705.2167671072227,-343.5187339823914,0.3820479814786466,0.24959040289142398,118.05626056764355
657,1,0,1,1,10,695.8581478042032,716.6536247466629,704.0374469466432,-342.9290739021016,0.3808440132501823,0.2489894587834669,117.77201400457984
658,1,0,1,1,11,657.5876611244637,678.3831380669234,665.7669602669037,-323.79383056223185,0.3661997800724722,0.22960292304168176,108.60218259871547
659,1,0,1,1,12,649.056085805787,669.8515627482467,657.235384948227,-319.5280429028935,0.36030543484083294,0.2254275789297883,106.62724483378986
660,1,0,1,2,8,677.0402289842405,701.994801315192,686.8553879551685,-332.52011449212023,0.3725426466537735,0.23802409509039704,112.5853969777578
661,1,0,1,2,9,691.0761663277401,716.0307386586917,700.8913252986681,-339.53808316387006,0.37976373387197154,0.2453542646504338,116.05256717965518
662,1,0,1,2,10,694.3145929864821,719.2691653174337,704.1297519574101,-341.15729649324106,0.3801085344527987,0.24709116457258964,116.8741208428349
663,1,0,1,2,11,659.4082110426372,684.3627833735887,669.2233700135652,-323.7041055213186,0.36583518175097757,0.22951763987331159,108.56184366007638
664,1,0,1,2,12,612.3441711823286,637.2987435132802,622.1593301532566,-300.1720855911643,0.3478409596196751,0.20733698295052252,98.07039293559716
665,1,0,1,3,8,633.180227227957,662.2938949474005,644.631246027373,-309.5901136139785,0.3570334431261798,0.21579234802338643,102.06978061506177
666,1,0,1,3,9,688.695940386435,717.8096081058786,700.1469591858511,-337.3479701932175,0.3778180996771105,0.24299698191269672,114.93757244470555
667,1,0,1,3,10,695.8389448925939,724.9526126120375,707.2899636920099,-340.91947244629694,0.38098731498660654,0.24682995656554563,116.75056945550308
668,1,0,1,3,11,659.5095546457254,688.6232223651689,670.9605734451413,-322.7547773228627,0.366095345684431,0.22856549021269473,108.1114768706046
669,1,0,1,3,12,594.4236291256534,623.537296845097,605.8746479250694,-290.2118145628267,0.33989061901425455,0.19840939767697716,93.84764510121019
670,1,0,1,4,8,624.010264026179,657.2830271341145,637.097142654083,-304.0051320130895,0.35513249029985033,0.21063879448613917,99.63214979194383
671,1,0,1,4,9,648.6576300967699,681.9303932047054,661.7445087246739,-316.32881504838497,0.3597521042608019,0.22188043546738595,104.94944597607355
672,1,0,1,4,10,694.024652251612,727.2974153595475,707.111530879516,-339.012326125806,0.3785356794023072,0.24473896188988792,115.76152897391698
673,1,0,1,4,11,659.5140044090797,692.7867675170152,672.6008830369836,-321.75700220453984,0.3654621590757772,0.22758136476509486,107.64598553388987
674,1,0,1,4,12,591.0034769731793,624.2762400811148,604.0903556010833,-287.50173848658966,0.33866447686739526,0.19604924678258015,92.73129372816041
675,1,0,2,0,8,682.8504379502466,703.6459148927063,691.0297370926866,-336.4252189751233,0.3739871779057431,0.24218556222403675,114.55377093196938
676,1,0,2,0,9,682.8504379502466,703.6459148927063,691.0297370926866,-336.4252189751233,0.3739871779057431,0.24218556222403675,114.55377093196938
677,1,0,2,0,10,682.8504379502466,703.6459148927063,691.0297370926866,-336.4252189751233,0.3739871779057431,0.24218556222403675,114.55377093196938
678,1,0,2,0,11,682.8504379502466,703.6459148927063,691.0297370926866,-336.4252189751233,0.3739871779057431,0.24218556222403675,114.55377093196938
679,1,0,2,0,12,682.8504379502466,703.6459148927063,691.0297370926866,-336.4252189751233,0.3739871779057431,0.24218556222403675,114.55377093196938
680,1,0,2,1,8,1504.1369911081156,1529.0915634390672,1513.9521500790436,-746.0684955540578,3.2155164385470068,964.7391848949351,456321.6344553043
681,1,0,2,1,9,684.68310768299,709.6376800139416,694.498266653918,-336.341553841495,0.37431277528524626,0.2420931986355923,114.51008295463517
682,1,0,2,1,10,683.978510826641,708.9330831575926,693.793669797569,-335.9892554133205,0.3731631637243099,0.24175661842397966,114.35088051454238
683,1,0,2,1,11,654.0112545695089,678.9658269004605,663.8264135404369,-321.00562728475444,0.36222722785534,0.22693049089633266,107.33812219396535
684,1,0,2,1,12,639.9301054257468,664.8846777566984,649.7452643966748,-313.9650527128734,0.35460360935017715,0.22022766627138432,104.16768614636479
685,1,0,2,2,8,675.1379245800977,704.2515922995412,686.5889433795137,-330.56896229004883,0.37028383321557273,0.23610734628513635,111.67877479286949
686,1,0,2,2,9,684.4239348663998,713.5376025858434,695.8749536658158,-335.2119674331999,0.3731304675017572,0.24091683180877496,113.95366144555055
687,1,0,2,2,10,684.6625984346031,713.7762661540467,696.1136172340191,-335.33129921730153,0.37318736233503647,0.24106794342411278,114.02513723960534
688,1,0,2,2,11,655.9095554749554,685.023223194399,667.3605742743714,-320.9547777374777,0.36201794957088024,0.2268831653315242,107.31573720181095
689,1,0,2,2,12,610.0223216491675,639.135989368611,621.4733404485835,-298.0111608245837,0.3442369930744608,0.2055497829131503,97.22504731792009
690,1,0,2,3,8,634.1966049888697,667.4693680968052,647.2834836167737,-309.09830249443485,0.3561203648761164,0.21538632354385712,101.87773103624441
691,1,0,2,3,9,684.1802558927354,717.4530190006709,697.2671345206394,-334.0901279463677,0.371979700780371,0.23971996481079355,113.38754335550534
692,1,0,2,3,10,686.407025513665,719.6797886216004,699.4939041415689,-335.2035127568325,0.37287791943385645,0.2409356916790129,113.9625821641731
693,1,0,2,3,11,656.881527139881,690.1542902478164,669.9684057677849,-320.4407635699405,0.36239432247370085,0.22637160668428513,107.07376996166687
694,1,0,2,3,12,593.67187389738,626.9446370053155,606.758752525284,-288.83593694869,0.33726457799361464,0.1974186550317716,93.37902383002798
695,1,0,2,4,8,625.5757351206844,663.0075936171118,640.2984735770764,-303.7878675603422,0.35413502226507027,0.21049789073680306,99.56550231850784
696,1,0,2,4,9,647.7304760910515,685.1623345874789,662.4532145474435,-314.86523804552576,0.35745698273462406,0.22056344824779606,104.32651102120754
697,1,0,2,4,10,687.17086326821,724.6027217646374,701.893601724602,-334.585431634105,0.37110977299942405,0.240277425098296,113.651222071494
698,1,0,2,4,11,657.9367568841049,695.3686153805322,672.6594953404968,-319.9683784420524,0.36236581946252394,0.22590834119858436,106.8546453869304
699,1,0,2,4,12,590.1487142125102,627.5805727089376,604.8714526689022,-286.0743571062551,0.3362721488443779,0.19497492796344648,92.22314092671019
700,1,0,3,0,8,682.8701637160151,707.8247360469667,692.6853226869431,-335.43508185800755,0.37363528848737315,0.24116706459365383,114.07202155279826
701,1,0,3,0,9,682.8701637160151,707.8247360469667,692.6853226869431,-335.43508185800755,0.37363528848737315,0.24116706459365383,114.07202155279826
702,1,0,3,0,10,682.8701637160151,707.8247360469667,692.6853226869431,-335.43508185800755,0.37363528848737315,0.24116706459365383,114.07202155279826
703,1,0,3,0,11,682.8701637160151,707.8247360469667,692.6853226869431,-335.43508185800755,0.37363528848737315,0.24116706459365383,114.07202155279826
704,1,0,3,0,12,682.8701637160151,707.8247360469667,692.6853226869431,-335.43508185800755,0.37363528848737315,0.24116706459365383,114.07202155279826
705,1,0,3,1,8,1011.5552981050126,1040.668965824456,1023.0063169044286,-498.7776490525063,0.5946222731246554,1.3688416771915841,647.4621133116193
706,1,0,3,1,9,684.7579726630474,713.871640382491,696.2089914624635,-335.3789863315237,0.37378403050369197,0.24110365029659186,114.04202659028795
707,1,0,3,1,10,684.3937836450814,713.507451364525,695.8448024444974,-335.1968918225407,0.372650849755195,0.24094002407176188,113.96463138594336
708,1,0,3,1,11,654.8684415891665,683.98210930861,666.3194603885825,-320.43422079458327,0.36216892404838724,0.2263928370575747,107.08381192823283
709,1,0,3,1,12,641.8235523864994,670.937220105943,653.2745711859154,-313.9117761932497,0.3543869896828608,0.22018396870921242,104.14701719945748
710,1,0,3,2,8,677.074636405264,710.3473995131994,690.1615150331679,-330.537318202632,0.3698671632897088,0.23607768288481912,111.66474400451945
711,1,0,3,2,9,685.94006307902,719.2128261869555,699.0269417069239,-334.97003153951,0.372936811461462,0.24067095789124454,113.83736308255867
712,1,0,3,2,10,685.5349874073697,718.8077505153052,698.6218660352737,-334.76749370368486,0.3727761174462769,0.2404776930361754,113.74594880611096
713,1,0,3,2,11,656.7735282445733,690.0462913525088,669.8604068724773,-320.38676412228665,0.361997528906445,0.2263488734111891,107.06301712349244
714,1,0,3,2,12,612.0240186162932,645.2967817242287,625.1108972441972,-298.0120093081466,0.3442729927250268,0.2055547547342592,97.22739898930459
715,1,0,3,3,8,636.1940559485231,673.6259144449505,650.9167944049151,-309.09702797426155,0.3561406404388414,0.21538577855431307,101.87747325619009
716,1,0,3,3,9,685.6391963834114,723.0710548798388,700.3619348398034,-333.8195981917057,0.37166294283985407,0.23942706113491705,113.24899991681576
717,1,0,3,3,10,686.363598252639,723.7954567490664,701.086336709031,-334.1817991263195,0.37195565327599106,0.2398784806510404,113.4625213479421
718,1,0,3,3,11,657.5422112599929,694.9740697564202,672.2649497163849,-319.77110562999644,0.36202635963086727,0.22574022506504754,106.77512645576749
719,1,0,3,3,12,595.1855401874482,632.6173986838755,609.9082786438402,-288.5927700937241,0.33720854430840186,0.197151980093623,93.25288658428369
720,1,0,3,4,8,627.242830591301,668.8337844762203,643.6014288761809,-303.6214152956505,0.35420830739709114,0.2103049119435934,99.47422334931969
721,1,0,3,4,9,649.0017927865672,690.5927466714866,665.3603910714471,-314.5008963932836,0.35758168757891223,0.22022033177192327,104.1642169281197
722,1,0,3,4,10,688.1638875642626,729.754841449182,704.5224858491425,-334.0819437821313,0.3704825422900143,0.23974403080027798,113.39892656853148
723,1,0,3,4,11,659.0552261718176,700.646180056737,675.4138244566975,-319.5276130859088,0.36188986493627867,0.22549979299207973,106.66140208525371
724,1,0,3,4,12,591.2840412992057,632.874995184125,607.6426395840856,-285.64202064960284,0.3356375917043101,0.19458414839897928,92.0383021927172
725,1,0,4,0,8,678.6465273588722,707.7601950783157,690.0975461582882,-332.3232636794361,0.3750756516040317,0.2379833365508232,112.56611818853938
726,1,0,4,0,9,678.6465273588722,707.7601950783157,690.0975461582882,-332.3232636794361,0.3750756516040317,0.2379833365508232,112.56611818853938
727,1,0,4,0,10,678.6465273588722,707.7601950783157,690.0975461582882,-332.3232636794361,0.3750756516040317,0.2379833365508232,112.56611818853938
728,1,0,4,0,11,678.6465273588722,707.7601950783157,690.0975461582882,-332.3232636794361,0.3750756516040317,0.2379833365508232,112.56611818853938
729,1,0,4,0,12,678.6465273588722,707.7601950783157,690.0975461582882,-332.3232636794361,0.3750756516040317,0.2379833365508232,112.56611818853938
730,1,0,4,1,8,1001.5345229857685,1034.8072860937039,1014.6214016136724,-492.76726149288424,0.5180423796130295,0.43198420877478066,204.32853075047126
731,1,0,4,1,9,680.2811482708171,713.5539113787526,693.368026898721,-332.14057413540854,0.37435655054695893,0.23779250671424793,112.47585567583927
732,1,0,4,1,10,680.1454430590661,713.4182061670016,693.2323216869701,-332.07272152953306,0.3741747147948749,0.2377274896103468,112.44510258569403
733,1,0,4,1,11,652.3930478992074,685.6658110071429,665.4799265271114,-318.1965239496037,0.3614385364140553,0.22417191976394657,106.03331804834673
734,1,0,4,1,12,643.4323154275401,676.7050785354755,656.519194055444,-313.71615771377003,0.3554434022329418,0.21996563902328867,104.04374725801554
735,1,0,4,2,8,663.3670481121143,700.7989066085416,678.0897865685063,-322.68352405605714,0.3661876085437328,0.22840780399807256,108.03689129108832
736,1,0,4,2,9,667.7278884017766,705.1597468982039,682.4506268581686,-324.8639442008883,0.3631732178567541,0.23058884900754598,109.06852558056924
737,1,0,4,2,10,677.6537638115424,715.0856223079697,692.3765022679344,-329.8268819057712,0.3721645357328723,0.23553364090862075,111.40741214977761
738,1,0,4,2,11,654.3804708851652,691.8123293815926,669.1032093415572,-318.1902354425826,0.36124607304563683,0.22417568917717953,106.03510098080592
739,1,0,4,2,12,612.4869949136144,649.9188534100417,627.2097333700063,-297.2434974568072,0.3440122412811521,0.204858585469728,96.89811092718134
740,1,0,4,3,8,630.1222061400534,671.7131600249728,646.4808044249334,-305.0611030700267,0.353417868095612,0.21178692197643695,100.17521409485468
741,1,0,4,3,9,665.4716695462032,707.0626234311226,681.8302678310831,-322.7358347731016,0.36224590518035366,0.22847917160399583,108.07064816869003
742,1,0,4,3,10,678.6471689090322,720.2381227939516,695.0057671939121,-329.3235844545161,0.37184453439255516,0.23503618593518372,111.1721159473419
743,1,0,4,3,11,655.1795218896873,696.7704757746067,671.5381201745672,-317.58976094484365,0.3608611720599602,0.22358616104888965,105.7562541761248
744,1,0,4,3,12,595.1277294112567,636.7186832961761,611.4863276961366,-287.56386470562836,0.33536876900068313,0.19629035329180278,92.84533710702271
745,1,0,4,4,8,621.1664055151039,666.9164547885151,639.1608636284718,-299.58320275755193,0.35130240661732015,0.20683072751735013,97.83093411570661
746,1,0,4,4,9,637.9711228358601,683.7211721092714,655.9655809492281,-307.98556141793006,0.3505514602644637,0.2142987481929873,101.363307895283
747,1,0,4,4,10,677.3997698132057,723.149819086617,695.3942279265736,-327.69988490660285,0.37090709569465213,0.23335436222871606,110.3766133341827
748,1,0,4,4,11,655.309842063871,701.0598913372822,673.3043001772389,-316.6549210319355,0.35957841423934384,0.2226769361596483,105.32619080351364
749,1,0,4,4,12,590.9493629101061,636.6994121835173,608.943821023474,-284.47468145505303,0.33371028425887866,0.19362292531444142,91.58364367373079
750,1,1,0,0,8,726.7322339149894,739.203170871746,731.6377513119701,-360.3661169574947,0.43803896728746056,1.0082580035988788,476.9060357022697
751,1,1,0,0,9,726.7322339149894,739.203170871746,731.6377513119701,-360.3661169574947,0.43803896728746056,1.0082580035988788,476.9060357022697
752,1,1,0,0,10,726.7322339149894,739.203170871746,731.6377513119701,-360.3661169574947,0.43803896728746056,1.0082580035988788,476.9060357022697
753,1,1,0,0,11,726.7322339149894,739.203170871746,731.6377513119701,-360.3661169574947,0.43803896728746056,1.0082580035988788,476.9060357022697
754,1,1,0,0,12,726.7322339149894,739.203170871746,731.6377513119701,-360.3661169574947,0.43803896728746056,1.0082580035988788,476.9060357022697
755,1,1,0,1,8,719.175446333208,735.8033622755503,725.7161361958489,-355.587723166604,0.43497198174670226,1.0028356755187238,474.3412745203563
756,1,1,0,1,9,726.359694811342,742.9876107536843,732.9003846739829,-359.179847405671,0.4379082383978021,1.006907832032748,476.26740455148985
757,1,1,0,1,10,728.5541556345355,745.1820715768778,735.0948454971764,-360.27707781726775,0.43789944467809333,1.0081543271938502,476.85699676269115
758,1,1,0,1,11,694.5279254330298,711.1558413753721,701.0686152956707,-343.2639627165149,0.4242885123633213,0.9893183022903235,467.947556983323
759,1,1,0,1,12,677.7142091587557,694.342125101098,684.2548990213966,-334.85710457937785,0.4161885845744664,0.9804572692782589,463.7562883686165
760,1,1,0,2,8,693.3031315943954,714.0880265223232,701.4789939226965,-341.6515657971977,0.4232346234318249,0.9874490800808169,467.0634148782264
761,1,1,0,2,9,714.235761279021,735.0206562069487,722.4116236073221,-352.1178806395105,0.4332417099568239,0.9988640254532806,472.4626840394017
762,1,1,0,2,10,722.8834312421698,743.6683261700975,731.0592935704709,-356.4417156210849,0.43711460500924443,1.003750816460394,474.77413618576645
763,1,1,0,2,11,696.5262904158908,717.3111853438186,704.702152744192,-343.2631452079454,0.4242847873804214,0.9893171776457609,467.9470250264449
764,1,1,0,2,12,639.6998538851137,660.4847488130415,647.8757162134149,-314.84992694255686,0.3986642670894177,0.9604880783454949,454.31086105741906
765,1,1,0,3,8,652.0728256639163,677.0146995774296,661.8838604578776,-320.03641283195816,0.4050915642424869,0.9654236526908749,456.6453877227838
766,1,1,0,3,9,707.5581437643873,732.5000176779006,717.3691785583486,-347.77907188219365,0.4296513741775035,0.9940310670291163,470.176694704772
767,1,1,0,3,10,722.542400584916,747.4842744984293,732.3534353788773,-355.271200292458,0.43784568628776704,1.0023786118434737,474.1250834019631
768,1,1,0,3,11,694.6857470986971,719.6276210122104,704.4967818926584,-341.34287354934855,0.4241910517859176,0.9872124610467673,466.95149407512093
769,1,1,0,3,12,618.60580048406,643.5476743975732,628.4168352780213,-303.30290024203,0.3882287079205075,0.9496901304104038,449.203431684121
770,1,1,0,4,8,640.16389933468,669.2627522337789,651.6101065943016,-313.08194966734,0.40085602883452154,0.9586913509171614,453.46100898381735
771,1,1,0,4,9,666.7143683108463,695.8132212099453,678.1605755704679,-326.35718415542317,0.410922747443329,0.971426206511303,459.4845956798463
772,1,1,0,4,10,716.021983712063,745.120836611162,727.4681909716846,-351.0109918560315,0.43319350020345115,0.9974864495867843,471.811090654549
773,1,1,0,4,11,693.3495592025813,722.4484121016802,704.7957664622029,-339.67477960129065,0.4232870687125848,0.985394253150597,466.0914817402324
774,1,1,0,4,12,613.7751810022119,642.8740339013108,625.2213882618335,-299.88759050110593,0.3858773006121354,0.9466326488853589,447.75724292277476
775,1,1,1,0,8,727.2505540171223,743.8784699594646,733.7912438797632,-359.62527700856117,0.4388603376261117,1.0074112537983577,476.50552304662324
776,1,1,1,0,9,727.2505540171223,743.8784699594646,733.7912438797632,-359.62527700856117,0.4388603376261117,1.0074112537983577,476.50552304662324
777,1,1,1,0,10,727.2505540171223,743.8784699594646,733.7912438797632,-359.62527700856117,0.4388603376261117,1.0074112537983577,476.50552304662324
778,1,1,1,0,11,727.2505540171223,743.8784699594646,733.7912438797632,-359.62527700856117,0.4388603376261117,1.0074112537983577,476.50552304662324
779,1,1,1,0,12,727.2505540171223,743.8784699594646,733.7912438797632,-359.62527700856117,0.4388603376261117,1.0074112537983577,476.50552304662324
780,1,1,1,1,8,719.5180509596019,740.3029458875296,727.693913287903,-354.7590254798009,0.4345905263349764,1.0019100057718695,473.90343273009427
781,1,1,1,1,9,726.5112650645011,747.2961599924289,734.6871273928023,-358.25563253225056,0.4379622757789431,1.0058579486052404,475.77080969027867
782,1,1,1,1,10,728.9798728687713,749.7647677966991,737.1557351970724,-359.48993643438564,0.4384078907752512,1.0072549252767333,476.43157965589484
783,1,1,1,1,11,696.3268121985479,717.1117071264757,704.5026745268491,-343.16340609927397,0.4241102469214205,0.9892198351809892,467.9009820406079
784,1,1,1,1,12,678.579365789855,699.3642607177828,686.7552281181562,-334.2896828949275,0.41534507020233735,0.9798951189976517,463.49039128588925
785,1,1,1,2,8,695.2134962589964,720.1553701725097,705.0245310529577,-341.6067481294982,0.4230627083612991,0.9874133022700898,467.0464919737525
786,1,1,1,2,9,715.1095598637237,740.051433777237,724.920594657685,-351.55477993186184,0.4324738034182901,0.9982544274839285,472.17434419989814
787,1,1,1,2,10,723.1661670475223,748.1080409610356,732.9772018414836,-355.58308352376116,0.4370095954546066,1.0027911531819165,474.32021545504654
788,1,1,1,2,11,698.3265637919974,723.2684377055107,708.1375985859587,-343.1632818959987,0.4241109460818995,0.9892194950917841,467.9008211784139
789,1,1,1,2,12,641.4846520625439,666.4265259760572,651.2956868565052,-314.74232603127194,0.3990261547162578,0.9603495521715302,454.24533817713376
790,1,1,1,3,8,625.9218020694657,655.0206549685646,637.3680093290873,-305.96090103473284,0.3989075653783105,0.9520849308124394,450.33617227428385
791,1,1,1,3,9,709.066363242896,738.165216141995,720.5125705025176,-347.533181621448,0.428857540986101,0.9937827342089001,470.05923328080974
792,1,1,1,3,10,723.1051407887003,752.2039936877992,734.5513480483219,-354.55257039435014,0.43714568827687367,1.0015898336419482,473.75199131264145
793,1,1,1,3,11,696.6745666182319,725.7734195173308,708.1207738778535,-341.33728330911595,0.4241417691812311,0.9872111534411536,466.95087557766567
794,1,1,1,3,12,610.7375392218978,639.8363921209967,622.1837464815194,-298.3687696109489,0.38453160367179967,0.9452853165706547,447.11995473791967
795,1,1,1,4,8,615.0809719101751,648.3368037948595,628.1623516354568,-299.54048595508755,0.3974274951935597,0.9460961867658944,447.50349634026804
796,1,1,1,4,9,644.5562101147892,677.8120419994736,657.637589840071,-314.2781050573946,0.3991531223798945,0.9597914715184459,453.9813660282249
797,1,1,1,4,10,717.3585517897856,750.61438367447,730.4399315150673,-350.6792758948928,0.43261086487177425,0.9971587775983203,471.6561018040055
798,1,1,1,4,11,645.0904705007259,678.3463023854104,658.1718502260077,-314.54523525036296,0.40340286599757846,0.9602164641016808,454.182387520095
799,1,1,1,4,12,607.2947889010213,640.5506207857057,620.3761686263031,-295.64739445051066,0.3828929647247526,0.9428424597385022,445.96448345631154
800,1,1,2,0,8,682.9036700646473,703.688564992575,691.0795323929484,-336.45183503232363,0.4255311127403367,0.981892340883083,464.43507723769824
801,1,1,2,0,9,682.9036700646473,703.688564992575,691.0795323929484,-336.45183503232363,0.4255311127403367,0.981892340883083,464.43507723769824
802,1,1,2,0,10,682.9036700646473,703.688564992575,691.0795323929484,-336.45183503232363,0.4255311127403367,0.981892340883083,464.43507723769824
803,1,1,2,0,11,682.9036700646473,703.688564992575,691.0795323929484,-336.45183503232363,0.4255311127403367,0.981892340883083,464.43507723769824
804,1,1,2,0,12,682.9036700646473,703.688564992575,691.0795323929484,-336.45183503232363,0.4255311127403367,0.981892340883083,464.43507723769824
805,1,1,2,1,8,680.7989669392887,705.740840852802,690.61000173325,-334.39948346964434,0.42399371756644844,0.9797678748879207,463.4302048219865
806,1,1,2,1,9,685.0527391585874,709.9946130721007,694.8637739525487,-336.5263695792937,0.425798737899638,0.9819118594479558,464.4443095188831
807,1,1,2,1,10,683.7068254464692,708.6486993599825,693.5178602404305,-335.8534127232346,0.4241869932234195,0.9812911703614629,464.15072358097194
808,1,1,2,1,11,648.5011576171541,673.4430315306674,658.3121924111155,-318.2505788085771,0.4051063069880355,0.963820435099187,455.88706580191547
809,1,1,2,1,12,644.651956501486,669.5938304149993,654.4629912954473,-316.325978250743,0.4009914065479422,0.9617939640509588,454.92854499610354
810,1,1,2,2,8,664.2722360435587,693.3710889426576,675.7184433031803,-325.13611802177934,0.4123521871214528,0.9702843712108564,458.94450758273507
811,1,1,2,2,9,678.2799641295198,707.3788170286188,689.7261713891414,-332.1399820647599,0.420151748755953,0.9774582871732042,462.3377698329256
812,1,1,2,2,10,683.5612388694692,712.6600917685681,695.0074461290908,-334.7806194347346,0.42335615458978065,0.9801755078794492,463.6230152269795
813,1,1,2,2,11,650.5213109578747,679.6201638569736,661.9675182174963,-318.26065547893734,0.4050970638815537,0.9638282231675888,455.8907495582695
814,1,1,2,2,12,617.1296447064778,646.2284976055768,628.5758519660994,-301.5648223532389,0.38924066054385126,0.9482944736285499,448.5432860263041
815,1,1,2,3,8,630.7693153955998,664.0251472802843,643.8506951208816,-307.3846576977999,0.39884165005205297,0.9533936731349439,450.95520739282847
816,1,1,2,3,9,674.2789682152045,707.5348000998889,687.3603479404862,-329.13948410760224,0.4171154271539835,0.9743698307865737,460.87692996204936
817,1,1,2,3,10,681.4087280165755,714.66455990126,694.4901077418573,-332.70436400828777,0.42403264249235456,0.9780286890222948,462.60756990754544
818,1,1,2,3,11,649.3358290696317,682.5916609543161,662.4172087949134,-316.66791453481585,0.40522827532375155,0.9622603854733792,455.14916232890835
819,1,1,2,3,12,600.4648945465154,633.7207264311999,613.5462742717972,-292.2324472732577,0.3817591086420804,0.9397321322434432,444.49329855114865
820,1,1,2,4,8,615.5045169693321,652.9173278396022,630.2210691602742,-298.7522584846661,0.3957762451517617,0.9453850546264372,447.1671308383048
821,1,1,2,4,9,646.1159333396505,683.5287442099204,660.8324855305925,-314.05796666982525,0.39975398587161787,0.9595719195378656,453.8775179414104
822,1,1,2,4,10,676.8916958170234,714.3045066872935,691.6082480079655,-329.4458479085117,0.4194664365179078,0.9746216017965279,460.9960176497577
823,1,1,2,4,11,647.3519810614468,684.7647919317169,662.0685332523889,-314.6759905307234,0.4038338635348748,0.9603257314311636,454.2340709669404
824,1,1,2,4,12,596.5473949427575,633.9602058130274,611.2639471336995,-289.27369747137874,0.3796310302043632,0.9372015355979393,443.2963263378253
825,1,1,3,0,8,666.4729302110179,691.4148041245312,676.2839650049792,-327.23646510550896,0.41443865277095265,0.972566992649157,460.0241875230513
826,1,1,3,0,9,666.4729302110179,691.4148041245312,676.2839650049792,-327.23646510550896,0.41443865277095265,0.972566992649157,460.0241875230513
827,1,1,3,0,10,666.4729302110179,691.4148041245312,676.2839650049792,-327.23646510550896,0.41443865277095265,0.972566992649157,460.0241875230513
828,1,1,3,0,11,666.4729302110179,691.4148041245312,676.2839650049792,-327.23646510550896,0.41443865277095265,0.972566992649157,460.0241875230513
829,1,1,3,0,12,666.4729302110179,691.4148041245312,676.2839650049792,-327.23646510550896,0.41443865277095265,0.972566992649157,460.0241875230513
830,1,1,3,1,8,668.0928972336383,697.1917501327372,679.5391044932599,-327.04644861681913,0.414240800838005,0.9723725108537125,459.93219763380597
831,1,1,3,1,9,671.4134711212969,700.5123240203958,682.8596783809185,-328.70673556064844,0.414228112638224,0.974053417915849,460.7272666741966
832,1,1,3,1,10,667.833054170602,696.931907069701,679.2792614302236,-326.916527085301,0.41354813612279345,0.9722626547099079,459.88023567778646
833,1,1,3,1,11,642.9727766548664,672.0716295539653,654.418983914488,-314.4863883274332,0.402084969103208,0.9602303660538356,454.18896314346426
834,1,1,3,1,12,631.342132680385,660.4409855794839,642.7883399400066,-308.6710663401925,0.39403051059771943,0.954853684741328,451.64579288264815
835,1,1,3,2,8,659.4660804068042,692.7219122914886,672.5474601320859,-321.7330402034021,0.4056618395394499,0.9672521891299322,457.51028545845793
836,1,1,3,2,9,667.3475164512367,700.6033483359212,680.4288961765185,-325.67375822561837,0.40831064027756697,0.9711200945990507,459.339804745351
837,1,1,3,2,10,669.0394281788962,702.2952600635806,682.1208079041779,-326.5197140894481,0.41443193959608204,0.9718489987896614,459.6845764275098
838,1,1,3,2,11,645.6485837717967,678.9044156564811,658.7299634970784,-314.82429188589833,0.40287699913561204,0.9605286230596327,454.33003870720626
839,1,1,3,2,12,611.4596322448681,644.7154641295525,624.5410119701498,-297.72981612243404,0.3855818363955468,0.9448756206866802,446.9261685847997
840,1,1,3,3,8,630.5290392322613,667.9418501025314,645.2455914232033,-306.26451961613066,0.3959509239948901,0.9525801789155579,450.5704246270589
841,1,1,3,3,9,664.8081049870505,702.2209158573205,679.5246571779925,-323.4040524935252,0.4061207261581424,0.968861049960201,458.27127663117506
842,1,1,3,3,10,671.3766624065943,708.7894732768643,686.0932145975363,-326.68833120329714,0.41409193574245295,0.9720736672823923,459.79084462457155
843,1,1,3,3,11,648.8827639620125,686.2955748322825,663.5993161529545,-315.44138198100626,0.4033525976796287,0.9612038275290277,454.6494104212301
844,1,1,3,3,12,599.118695664436,636.5315065347061,613.835247855378,-290.559347832218,0.37943869454988643,0.9387253138537216,444.01707345281034
845,1,1,3,4,8,616.7632116982402,658.3330015540957,633.1149363548424,-298.3816058491201,0.39351786269155337,0.9453255659696637,447.1389927036509
846,1,1,3,4,9,639.5032073710365,681.0729972268921,655.8549320276387,-309.75160368551826,0.39528683447181096,0.9556764952922968,452.0349822732564
847,1,1,3,4,10,667.3404718074314,708.910261663287,683.6921964640336,-323.6702359037157,0.4127530493014223,0.9689932741966142,458.3338186949985
848,1,1,3,4,11,645.8043123525315,687.3741022083871,662.1560370091337,-312.90215617626575,0.4019818405610138,0.9587232266080108,453.4760861855891
849,1,1,3,4,12,596.8775437728393,638.4473336286949,613.2292684294415,-288.43877188641966,0.37726585924234585,0.9368928183727091,443.1503030902914
850,1,1,4,0,8,663.4394261190105,692.5382790181094,674.8856333786321,-324.71971305950524,0.4122013474939549,0.9700669740948303,458.84167874685477
851,1,1,4,0,9,663.4394261190105,692.5382790181094,674.8856333786321,-324.71971305950524,0.4122013474939549,0.9700669740948303,458.84167874685477
852,1,1,4,0,10,663.4394261190105,692.5382790181094,674.8856333786321,-324.71971305950524,0.4122013474939549,0.9700669740948303,458.84167874685477
853,1,1,4,0,11,663.4394261190105,692.5382790181094,674.8856333786321,-324.71971305950524,0.4122013474939549,0.9700669740948303,458.84167874685477
854,1,1,4,0,12,663.4394261190105,692.5382790181094,674.8856333786321,-324.71971305950524,0.4122013474939549,0.9700669740948303,458.84167874685477
855,1,1,4,1,8,665.8610725208691,699.1169044055536,678.9424522461509,-324.93053626043456,0.41222149906872313,0.9702336458613456,458.9205144924165
856,1,1,4,1,9,667.676723603402,700.9325554880865,680.7581033286838,-325.838361801701,0.41267052118432207,0.9711939332316573,459.3747304185739
857,1,1,4,1,10,667.9659877801867,701.2218196648711,681.0473675054684,-325.9829938900933,0.4123053728395533,0.9713594294669804,459.45301013788173
858,1,1,4,1,11,642.8669919332361,676.1228238179206,655.9483716585179,-313.43349596661807,0.4012257059090743,0.9593145389645592,453.7557769302365
859,1,1,4,1,12,636.2643062007896,669.5201380854741,649.3456859260714,-310.1321531003948,0.3954765428473383,0.9562344590543725,452.2988991327182
860,1,1,4,2,8,656.9349029237814,694.3477137940513,671.6514551147234,-319.4674514618907,0.40357163311507604,0.9650741795968136,456.48008694929285
861,1,1,4,2,9,665.5580912792351,702.970902149505,680.2746434701771,-323.77904563961755,0.40847755444347233,0.9691915008656045,458.4275799094309
862,1,1,4,2,10,666.6944510128102,704.1072618830801,681.4110032037522,-324.3472255064051,0.41213919967329915,0.9697491020929887,458.69132528998364
863,1,1,4,2,11,645.7675543112283,683.1803651814982,660.4841065021703,-313.88377715561415,0.40165197177802553,0.9597122677666486,453.94390265362483
864,1,1,4,2,12,615.5566892293243,652.9695000995944,630.2732414202663,-298.77834461466216,0.38877124436041355,0.9459641339471683,447.4410353570106
865,1,1,4,3,8,630.2990287800536,671.8688186359092,646.6507534366558,-305.1495143900268,0.3946586424224766,0.9516122096041235,450.1125751427504
866,1,1,4,3,9,662.0967710206887,703.6665608765443,678.4484956772909,-321.04838551034436,0.4051800329574403,0.9665130060120756,457.1606518437117
867,1,1,4,3,10,668.5614528764276,710.1312427322831,684.9131775330297,-324.2807264382138,0.4125696263853096,0.9697038488310891,458.6699204971051
868,1,1,4,3,11,643.7982551283421,685.3680449841977,660.1499797849443,-311.89912756417107,0.40008040672387357,0.9577917120346132,453.03547979237203
869,1,1,4,3,12,604.2680890073491,645.8378788632047,620.6198136639513,-292.13404450367455,0.3776729927131622,0.9400565882749329,444.64676625404326
870,1,1,4,4,8,617.0116140806794,662.7383829221204,634.9985112029418,-297.5058070403397,0.3917789106454383,0.9446251837186552,446.8077118989239
871,1,1,4,4,9,640.1622799495657,685.8890487910068,658.1491770718281,-309.08113997478284,0.3949161929309875,0.9550395105101898,451.73368847131974
872,1,1,4,4,10,666.8301239881857,712.5568928296268,684.8170211104482,-322.41506199409287,0.41085326788343296,0.9678301065448673,457.7836403957223
873,1,1,4,4,11,644.5662495972315,690.2930184386726,662.553146719494,-311.28312479861575,0.39933252871425506,0.9572523155373149,452.78034524914995
874,1,1,4,4,12,600.7231312776235,646.4499001190645,618.7100283998859,-289.3615656388117,0.37552476785191263,0.9376722531362407,443.51897573344183
875,1,2,0,0,8,894.0834625401626,906.5480368222119,898.9869127639897,-444.0417312700813,0.5321880305732493,1.324353049394592,626.418992363642
876,1,2,0,0,9,894.0834625401626,906.5480368222119,898.9869127639897,-444.0417312700813,0.5321880305732493,1.324353049394592,626.418992363642
877,1,2,0,0,10,894.0834625401626,906.5480368222119,898.9869127639897,-444.0417312700813,0.5321880305732493,1.324353049394592,626.418992363642
878,1,2,0,0,11,894.0834625401626,906.5480368222119,898.9869127639897,-444.0417312700813,0.5321880305732493,1.324353049394592,626.418992363642
879,1,2,0,0,12,894.0834625401626,906.5480368222119,898.9869127639897,-444.0417312700813,0.5321880305732493,1.324353049394592,626.418992363642
880,1,2,0,1,8,893.6213897720983,910.2408221481639,900.1593234038678,-442.81069488604913,0.5331069703273867,1.322344729479649,625.469057043874
881,1,2,0,1,9,891.6859936958538,908.3054260719194,898.2239273276233,-441.8429968479269,0.5316527201983777,1.3207662743262836,624.7224477563321
882,1,2,0,1,10,894.6067166423851,911.2261490184508,901.1446502741546,-443.30335832119255,0.530502328947194,1.3231468270168114,625.8484491789518
883,1,2,0,1,11,887.0533488513049,903.6727812273706,893.5912824830745,-439.52667442565246,0.528674762667861,1.3170017338240498,622.9418200987756
884,1,2,0,1,12,876.2851482191666,892.9045805952322,882.8230818509361,-434.1425741095833,0.5217813633103497,1.308359713332297,618.8541444061765
885,1,2,0,2,8,886.1700197399515,906.9443102100336,894.3424367796634,-438.08500986997575,0.5306369508223686,1.3146450442173614,621.8271059148119
886,1,2,0,2,9,893.5609860064994,914.3352764765815,901.7334030462114,-441.7804930032497,0.5313939883967058,1.320664737127665,624.6744206613855
887,1,2,0,2,10,894.8838003266214,915.6580907967035,903.0562173663334,-442.4419001633107,0.5316653196925163,1.321730120379021,625.1783469392769
888,1,2,0,2,11,888.5710656960374,909.3453561661195,896.7434827357494,-439.2855328480187,0.5281385121889648,1.3166096522013333,622.7563654912307
889,1,2,0,2,12,860.4602292747819,881.234519744864,868.6326463144939,-425.23011463739095,0.5118049689734605,1.2944066484872165,612.2543447344534
890,1,2,0,3,8,867.9445768387941,892.8737254028925,877.7514772864484,-427.97228841939705,0.5185251031826125,1.298651236532818,614.262034880023
891,1,2,0,3,9,891.2784079694084,916.2075565335068,901.0853084170627,-439.6392039847042,0.5270047596773297,1.3171507817257109,623.0123197562613
892,1,2,0,3,10,893.5067819338698,918.4359304979682,903.3136823815241,-440.7533909669349,0.5278620502390994,1.3189373522682208,623.8573676228684
893,1,2,0,3,11,889.5795300249628,914.5086785890612,899.3864304726171,-438.7897650124814,0.5267324892242328,1.3157934864121659,622.3703190729544
894,1,2,0,3,12,848.8433401657858,873.7724887298842,858.6502406134401,-418.4216700828929,0.5028362769035775,1.2839209034395254,607.2945873268955
895,1,2,0,4,8,860.9120514558724,889.9960581139874,872.3534353114691,-423.4560257279362,0.5170183940684588,1.2916631847032374,610.9566863646313
896,1,2,0,4,9,872.2611108097655,901.3451174678804,883.7024946653621,-429.1305554048827,0.5110493568447241,1.3001764812456764,614.9834756292049
897,1,2,0,4,10,894.9589196415855,924.0429262997004,906.4003034971821,-440.4794598207927,0.527083056931167,1.3184813502899864,623.6416786871636
898,1,2,0,4,11,891.4929601058667,920.5769667639817,902.9343439614634,-438.74648005293335,0.5266580692715717,1.3157234726652898,622.337202570682
899,1,2,0,4,12,845.2689188761949,874.3529255343099,856.7103027317916,-415.63445943809745,0.5009741882936317,1.2796989044295233,605.2975817951645
900,1,2,1,0,8,734.3903933044901,751.0098256805558,740.9283269362596,-363.19519665224504,0.46153089564583744,1.2123232882348618,573.4289153350896
901,1,2,1,0,9,734.3903933044901,751.0098256805558,740.9283269362596,-363.19519665224504,0.46153089564583744,1.2123232882348618,573.4289153350896
902,1,2,1,0,10,734.3903933044901,751.0098256805558,740.9283269362596,-363.19519665224504,0.46153089564583744,1.2123232882348618,573.4289153350896
903,1,2,1,0,11,734.3903933044901,751.0098256805558,740.9283269362596,-363.19519665224504,0.46153089564583744,1.2123232882348618,573.4289153350896
904,1,2,1,0,12,734.3903933044901,751.0098256805558,740.9283269362596,-363.19519665224504,0.46153089564583744,1.2123232882348618,573.4289153350896
905,1,2,1,1,8,727.1959695911332,747.9702600612153,735.3683866308452,-358.5979847955666,0.45839239009836996,1.2069692544588835,570.8964573590519
906,1,2,1,1,9,734.1722554333529,754.946545903435,742.3446724730649,-362.08612771667646,0.4613607624315599,1.2110058251064721,572.8057552753613
907,1,2,1,1,10,736.179350169794,756.9536406398761,744.351767209506,-363.089675084897,0.46131649011873793,1.212213060617063,573.3767776718707
908,1,2,1,1,11,701.7901759252985,722.5644663953806,709.9625929650105,-345.89508796264926,0.44733979367660825,1.1930395574494277,564.3077106735793
909,1,2,1,1,12,684.9444427212181,705.7187331913002,693.1168597609301,-337.47222136060907,0.439456433505397,1.1840722866545574,560.0661915876057
910,1,2,1,2,8,702.2026622727705,727.1318108368689,712.0095627204248,-345.1013311363852,0.4471481876788602,1.191949076582604,563.7919132235717
911,1,2,1,2,9,722.4940471821818,747.4231957462803,732.3009476298362,-355.2470235910909,0.4563628872510272,1.203225790931371,569.1257991105385
912,1,2,1,2,10,731.3040039529833,756.2331525170817,741.1109044006377,-359.65200197649165,0.46083438288803036,1.2082007317652779,571.4789461249765
913,1,2,1,2,11,703.7863307644636,728.7154793285621,713.593231212118,-345.8931653822318,0.4473080793081258,1.1930412615938457,564.3085167338891
914,1,2,1,2,12,646.3824826311286,671.311631195227,656.189383078783,-317.1912413155643,0.42148855996965157,1.1637411974780014,550.4495864070947
915,1,2,1,3,8,660.3620957191354,689.4461023772503,671.803479574732,-323.1810478595677,0.42837222494318816,1.1695144849639663,553.1803513879561
916,1,2,1,3,9,719.1247295805254,748.2087362386403,730.566113436122,-352.5623647902627,0.45168747370690104,1.2001449462273701,567.668559565546
917,1,2,1,3,10,730.9012870450487,759.9852937031636,742.3426709006453,-358.45064352252433,0.4614675520151,1.2068380746919118,570.8344093292743
918,1,2,1,3,11,702.5072348412159,731.5912414993309,713.9486186968126,-344.25361742060795,0.4477885071094994,1.1912531219728233,563.4627266931454
919,1,2,1,3,12,626.899703244156,655.9837099022709,638.3410870997526,-306.449851622078,0.41148566830767613,1.1534417140268058,545.5779307346792
920,1,2,1,4,8,649.2299250105941,682.4687897627255,662.3057922741332,-316.61496250529706,0.4248420822582084,1.163182615539707,550.1853771502814
921,1,2,1,4,9,677.9973403470225,711.2362050991538,691.0732076105616,-330.99867017351124,0.43524075693280734,1.1768219516869693,556.6367831479365
922,1,2,1,4,10,725.5122927207854,758.7511574729167,738.5881599843244,-354.7561463603927,0.45721033346637113,1.2026506018961252,568.8537346968671
923,1,2,1,4,11,701.240444934067,734.4793096861983,714.3163121976061,-342.6202224670335,0.44658022818440807,1.1895118675271854,562.6391133403587
924,1,2,1,4,12,628.9002614724471,662.1391262245785,641.9761287359862,-306.45013073622357,0.41142654094856485,1.1533134391801494,545.5172567322106
925,1,2,2,0,8,736.469685274308,757.24397574439,744.6421023140199,-363.234842637154,0.4609813690873211,1.2123668597261066,573.4495246504484
926,1,2,2,0,9,736.469685274308,757.24397574439,744.6421023140199,-363.234842637154,0.4609813690873211,1.2123668597261066,573.4495246504484
927,1,2,2,0,10,736.469685274308,757.24397574439,744.6421023140199,-363.234842637154,0.4609813690873211,1.2123668597261066,573.4495246504484
928,1,2,2,0,11,736.469685274308,757.24397574439,744.6421023140199,-363.234842637154,0.4609813690873211,1.2123668597261066,573.4495246504484
929,1,2,2,0,12,736.469685274308,757.24397574439,744.6421023140199,-363.234842637154,0.4609813690873211,1.2123668597261066,573.4495246504484
930,1,2,2,1,8,729.5741611121048,754.5033096762032,739.3810615597591,-358.7870805560524,0.4580001877168829,1.2071789140583913,570.9956263496191
931,1,2,2,1,9,736.1987751130173,761.1279236771157,746.0056755606716,-362.09938755650865,0.46062560651322587,1.2110194123146545,572.8121820248316
932,1,2,2,1,10,737.5903629223187,762.5195114864172,747.3972633699731,-362.79518146115936,0.4611701221836013,1.2118694629799824,573.2142559895317
933,1,2,2,1,11,706.551990574466,731.4811391385645,716.3588910221204,-347.275995287233,0.4468082011164037,1.1945237518398881,565.0097346202671
934,1,2,2,1,12,685.9452496122785,710.874398176377,695.7521500599329,-336.97262480613927,0.4386612635284296,1.183573637050479,559.8303303248766
935,1,2,2,2,8,705.2387212331796,734.3227278912946,716.6801050887763,-345.6193606165898,0.44613250328559156,1.1925356487646246,564.0693618656675
936,1,2,2,2,9,726.3627988564949,755.4468055146099,737.8041827120916,-356.18139942824746,0.45510432942192164,1.2042605348424853,569.6152329804955
937,1,2,2,2,10,733.9951252424041,763.0791319005191,745.4365090980008,-359.99756262120206,0.4597052188001082,1.2085837300875388,571.6601043314058
938,1,2,2,2,11,708.5520231554083,737.6360298135232,719.9934070110049,-347.27601157770414,0.44681739888785416,1.1945246487808476,565.010158873341
939,1,2,2,2,12,661.9203230205324,691.0043296786473,673.361706876129,-323.9601615102662,0.4265086438692158,1.1698830989106035,553.3547057847154
940,1,2,2,3,8,672.4863415079508,705.7252062600821,685.5622087714898,-328.2431707539754,0.43091680118914133,1.1744760290414809,555.5271617366204
941,1,2,2,3,9,721.0600864308744,754.2989511830058,734.1359536944135,-352.5300432154372,0.45023946913343854,1.2001472951893717,567.6696706245729
942,1,2,2,3,10,734.6386458790064,767.8775106311377,747.7145131425455,-359.3193229395032,0.46043003650473735,1.2078066610348457,571.292550669482
943,1,2,2,3,11,708.3834781497424,741.6223429018737,721.4593454132814,-346.1917390748712,0.4463470941300481,1.1933279239092922,564.4441080090952
944,1,2,2,3,12,649.0685228441739,682.3073875963053,662.144390107713,-316.53426142208696,0.4183482638068781,1.1628222429303596,550.0149209060601
945,1,2,2,4,8,663.0441992608778,700.4379221070255,677.7545499323593,-322.5220996304389,0.4274003405724519,1.1687671562951283,552.8268649275957
946,1,2,2,4,9,689.7317141192783,727.125436965426,704.4420647907598,-335.86585705963915,0.43444962955754757,1.1819155887495254,559.0460734785255
947,1,2,2,4,10,730.4967194721097,767.8904423182574,745.2070701435912,-356.24835973605485,0.4571373622441682,1.204300991355205,569.634368911012
948,1,2,2,4,11,707.8733029177033,745.267025763851,722.5836535891848,-344.93665145885166,0.44539047766313716,1.1919572073836049,563.7957590924451
949,1,2,2,4,12,644.0939822877734,681.4877051339212,658.8043329592549,-313.0469911438867,0.4171201872820234,1.1594742162708063,548.4313042960914
950,1,2,3,0,8,736.9460080569548,761.8751566210533,746.7529085046092,-362.4730040284774,0.46003254204953475,1.2114818132099048,573.030897648285
951,1,2,3,0,9,736.9460080569548,761.8751566210533,746.7529085046092,-362.4730040284774,0.46003254204953475,1.2114818132099048,573.030897648285
952,1,2,3,0,10,736.9460080569548,761.8751566210533,746.7529085046092,-362.4730040284774,0.46003254204953475,1.2114818132099048,573.030897648285
953,1,2,3,0,11,736.9460080569548,761.8751566210533,746.7529085046092,-362.4730040284774,0.46003254204953475,1.2114818132099048,573.030897648285
954,1,2,3,0,12,736.9460080569548,761.8751566210533,746.7529085046092,-362.4730040284774,0.46003254204953475,1.2114818132099048,573.030897648285
955,1,2,3,1,8,731.046139110503,760.1301457686179,742.4875229660996,-358.5230695552515,0.45822238582677327,1.2068896347985762,570.8587972597265
956,1,2,3,1,9,738.0141496586243,767.0981563167393,749.455533514221,-362.00707482931216,0.4605978252848675,1.2109382080928386,572.7737724279126
957,1,2,3,1,10,740.1109251622113,769.1949318203262,751.5523090178079,-363.05546258110564,0.4616961501145252,1.212187226678319,573.3645582188449
958,1,2,3,1,11,705.571583284864,734.655589942979,717.0129671404607,-345.785791642432,0.4475098001366799,1.1929197793843516,564.2510556487983
959,1,2,3,1,12,693.0497758208974,722.1337824790123,704.491159676494,-339.5248879104487,0.44255224765164514,1.1861432175342541,561.0457418937021
960,1,2,3,2,8,706.186353537965,739.4252182900964,719.2622208015041,-345.0931767689825,0.4469943437626069,1.1920110014658667,563.821203693355
961,1,2,3,2,9,726.9611873409134,760.2000520930447,740.0370546044525,-355.4805936704567,0.45616184304844276,1.203508698456838,569.2596143700844
962,1,2,3,2,10,735.9991534058406,769.238018157972,749.0750206693797,-359.9995767029203,0.46090210203689425,1.208615557733352,571.6751588078755
963,1,2,3,2,11,709.2914041965405,742.5302689486718,722.3672714600796,-346.64570209827025,0.44655607464595526,1.1938357516802156,564.684310544742
964,1,2,3,2,12,651.4622569366059,684.7011216887372,664.5381242001449,-317.7311284683029,0.4234008945289767,1.1641589315779928,550.6471746363906
965,1,2,3,3,8,663.4767864951875,700.8705093413353,678.187137166669,-322.73839324759376,0.42865215971755427,1.1690669005249337,552.9686439482937
966,1,2,3,3,9,720.1409863322174,757.5347091783651,734.8513370036989,-351.0704931661087,0.4536251941865134,1.198560334861725,566.9190383895959
967,1,2,3,3,10,736.9996665899428,774.3933894360905,751.7100172614242,-359.4998332949714,0.46210152435177904,1.208003028412391,571.385432439061
968,1,2,3,3,11,706.7204738813653,744.114196727513,721.4308245528467,-344.3602369406826,0.44768230890364696,1.1913410537616278,563.5043184292499
969,1,2,3,3,12,628.8766307386647,666.2703535848125,643.5869814101462,-305.4383153693324,0.41222619517215864,1.152463573823044,545.1152704182998
970,1,2,3,4,8,651.6505896820031,693.1991706221672,667.995423761427,-315.82529484100155,0.424596175718608,1.1623917482121229,549.8112969043341
971,1,2,3,4,9,679.0655866239247,720.6141675640888,695.4104207033486,-329.53279331196234,0.4350573888264164,1.1754775133207311,556.0008638007058
972,1,2,3,4,10,731.1387360669821,772.6873170071462,747.483570146406,-355.56936803349106,0.45915738516310645,1.203545555089423,569.277047557297
973,1,2,3,4,11,705.4695815092482,747.0181624494123,721.8144155886721,-342.7347907546241,0.445687579759626,1.18962807599961,562.6940799478156
974,1,2,3,4,12,627.9107378650403,669.4593188052045,644.2555719444642,-303.9553689325202,0.4113395549728966,1.1510147947229419,544.4299979039515
975,1,2,4,0,8,735.2938460121462,764.3778526702612,746.7352298677429,-360.6469230060731,0.45849155693468935,1.209484493941452,572.0861656343068
976,1,2,4,0,9,735.2938460121462,764.3778526702612,746.7352298677429,-360.6469230060731,0.45849155693468935,1.209484493941452,572.0861656343068
977,1,2,4,0,10,735.2938460121462,764.3778526702612,746.7352298677429,-360.6469230060731,0.45849155693468935,1.209484493941452,572.0861656343068
978,1,2,4,0,11,735.2938460121462,764.3778526702612,746.7352298677429,-360.6469230060731,0.45849155693468935,1.209484493941452,572.0861656343068
979,1,2,4,0,12,735.2938460121462,764.3778526702612,746.7352298677429,-360.6469230060731,0.45849155693468935,1.209484493941452,572.0861656343068
980,1,2,4,1,8,730.8070835815271,764.0459483336584,743.8829508450661,-357.40354179076354,0.4562388888126211,1.2056977424259654,570.2950321674816
981,1,2,4,1,9,733.7085022557959,766.9473670079273,746.784369519335,-358.85425112789795,0.45662396717315634,1.2074019604910713,571.1011273122767
982,1,2,4,1,10,737.4860982715221,770.7249630236535,750.5619655350612,-360.74304913576105,0.45840463417168,1.2095987349978747,572.1402016539947
983,1,2,4,1,11,708.4326883470728,741.6715530992042,721.5085556106119,-346.2163441735364,0.44762678824633617,1.1933355119029596,564.4476971300999
984,1,2,4,1,12,688.2046804328443,721.4435451849756,701.2805476963833,-336.10234021642214,0.4381563844787756,1.1827012039751887,559.4176694802643
985,1,2,4,2,8,708.7376952265213,746.131418072669,723.4480458980028,-345.36884761326064,0.44707626019979346,1.1921729818143285,563.8978203981774
986,1,2,4,2,9,728.0037010781372,765.3974239242849,742.7140517496186,-355.0018505390686,0.4552174912057167,1.20299149823729,569.0149786662382
987,1,2,4,2,10,734.1570976223181,771.5508204684659,748.8674482937996,-358.07854881115907,0.45867599599948555,1.206495747948732,570.6724887797502
988,1,2,4,2,11,709.8020810310068,747.1958038771545,724.5124317024882,-345.9010405155034,0.4475601532622985,1.1930442017191587,564.309907413162
989,1,2,4,2,12,649.678182606044,687.0719054521917,664.3885332775254,-315.839091303022,0.42138590185264424,1.1623922156729127,549.8115180132877
990,1,2,4,3,8,665.4052883008292,706.9538692409933,681.7501223802531,-322.7026441504146,0.42926775638178993,1.1689205662264641,552.8994278251175
991,1,2,4,3,9,721.3520968068448,762.9006777470089,737.6969308862687,-350.6760484034224,0.4512686003735456,1.1981589638196353,566.7291898866874
992,1,2,4,3,10,735.7602669713416,777.3088479115057,752.1051010507655,-357.8801334856708,0.4591942159764458,1.2062659411693026,570.5637901730802
993,1,2,4,3,11,708.6207148367628,750.1692957769269,724.9655489161867,-344.3103574183814,0.44741604346894864,1.1912971135464494,563.4835347074705
994,1,2,4,3,12,636.9858389013102,678.5344198414743,653.3306729807341,-308.4929194506551,0.4150511611385794,1.1546240560449816,546.1371785092763
995,1,2,4,4,8,654.282552199275,699.9859912334556,672.2618696866411,-316.1412760996375,0.42601256498812,1.1625263542490856,549.8749655598175
996,1,2,4,4,9,681.1530753532015,726.8565143873822,699.1323928405677,-329.57653767660076,0.4351126625159972,1.1754569158722257,555.9911212075627
997,1,2,4,4,10,730.6522906325451,776.3557296667258,748.6316081199113,-354.3261453162726,0.45689328935451956,1.202159899819909,568.6216326148169
998,1,2,4,4,11,706.7148098370196,752.4182488712003,724.6941273243858,-342.3574049185098,0.4481317306842008,1.189151081089996,562.468461355568
999,1,2,4,4,12,632.7038082421194,678.4072472763,650.6831257294856,-305.3519041210597,0.41147886980709847,1.15197622177236,544.8847528983263
1000,1,3,0,0,8,1246.7423177737155,1259.200515857828,1251.6436957160995,-620.3711588868578,0.7898845483355234,2.356164371100554,1114.465747530562
1001,1,3,0,0,9,1246.7423177737155,1259.200515857828,1251.6436957160995,-620.3711588868578,0.7898845483355234,2.356164371100554,1114.465747530562
1002,1,3,0,0,10,1246.7423177737155,1259.200515857828,1251.6436957160995,-620.3711588868578,0.7898845483355234,2.356164371100554,1114.465747530562
1003,1,3,0,0,11,1246.7423177737155,1259.200515857828,1251.6436957160995,-620.3711588868578,0.7898845483355234,2.356164371100554,1114.465747530562
1004,1,3,0,0,12,1246.7423177737155,1259.200515857828,1251.6436957160995,-620.3711588868578,0.7898845483355234,2.356164371100554,1114.465747530562
1005,1,3,0,1,8,1248.69262619205,1265.3035569708666,1255.2277967818954,-620.346313096025,0.7895503898158257,2.356080387803021,1114.426023430829
1006,1,3,0,1,9,1247.620096065495,1264.2310268443116,1254.1552666553405,-619.8100480327475,0.7890965247573747,2.3542030345823584,1113.5380353574556
1007,1,3,0,1,10,1246.858889513603,1263.4698202924194,1253.3940601034483,-619.4294447568014,0.7899932733597372,2.352890609070422,1112.9172580903096
1008,1,3,0,1,11,1247.7437158014384,1264.354646580255,1254.2788863912838,-619.8718579007192,0.7906713265788256,2.354428627110091,1113.644740623073
1009,1,3,0,1,12,1245.7962167169026,1262.407147495719,1252.331387306748,-618.8981083584513,0.7857405277166128,2.350985645808782,1112.016210467554
1010,1,3,0,2,8,1247.7932672828774,1268.5569307563978,1255.962230520184,-618.8966336414387,0.789415099791113,2.3510059439698368,1112.0258114977328
1011,1,3,0,2,9,1249.5269913206887,1270.2906547942093,1257.6959545579953,-619.7634956603443,0.7895659567076427,2.3540376023149605,1113.4597858949762
1012,1,3,0,2,10,1248.8004342190602,1269.5640976925806,1256.9693974563668,-619.4002171095301,0.789638248950218,2.352787722034988,1112.8685925225493
1013,1,3,0,2,11,1248.9587033354846,1269.722366809005,1257.1276665727912,-619.4793516677423,0.7894966788645568,2.353044122109331,1112.9898697577134
1014,1,3,0,2,12,1241.630360147835,1262.3940236213557,1249.7993233851416,-615.8151800739175,0.7814690749312782,2.3402202668118868,1106.9241862020224
1015,1,3,0,3,8,1243.230537731219,1268.1469338994436,1253.033293615987,-615.6152688656096,0.7832674966516101,2.339571044047186,1106.617103834319
1016,1,3,0,3,9,1251.0768618843824,1275.993258052607,1260.8796177691504,-619.5384309421912,0.7898627749938716,2.3532449850151576,1113.0848779121695
1017,1,3,0,3,10,1242.2255991372826,1267.1419953055072,1252.0283550220506,-615.1127995686413,0.7787706230419978,2.3376769804286157,1105.7212117427352
1018,1,3,0,3,11,1250.6837824229756,1275.6001785912001,1260.4865383077436,-619.3418912114878,0.7884156413095629,2.3525486875132637,1112.7555291937738
1019,1,3,0,3,12,1237.0967638936602,1262.0131600618847,1246.8995197784282,-612.5483819468301,0.7726751630802202,2.3287113746642154,1101.4804802161739
1020,1,3,0,4,8,1240.2244909862409,1269.2936198491695,1251.6610395184703,-613.1122454931204,0.7804052551411588,2.3308365281814987,1102.4856778298488
1021,1,3,0,4,9,1245.4726023197945,1274.5417311827232,1256.909150852024,-615.7363011598973,0.7788712770618996,2.3396928576803004,1106.674721682782
1022,1,3,0,4,10,1243.8975025024902,1272.9666313654188,1255.3340510347196,-614.9487512512451,0.7784994768247356,2.337107333819814,1105.4517688967721
1023,1,3,0,4,11,1252.4309864773604,1281.500115340289,1263.8675350095898,-619.2154932386802,0.7891815247948781,2.3520977248899237,1112.5422238729338
1024,1,3,0,4,12,1236.0064093781125,1265.0755382410412,1247.4429579103419,-611.0032046890562,0.770417519410852,2.32330001122493,1098.9209053093919
1025,1,3,1,0,8,902.2112876884144,918.8222184672308,908.7464582782598,-447.1056438442072,0.5632541104736429,1.9310508263580828,913.3870408673731
1026,1,3,1,0,9,902.2112876884144,918.8222184672308,908.7464582782598,-447.1056438442072,0.5632541104736429,1.9310508263580828,913.3870408673731
1027,1,3,1,0,10,902.2112876884144,918.8222184672308,908.7464582782598,-447.1056438442072,0.5632541104736429,1.9310508263580828,913.3870408673731
1028,1,3,1,0,11,902.2112876884144,918.8222184672308,908.7464582782598,-447.1056438442072,0.5632541104736429,1.9310508263580828,913.3870408673731
1029,1,3,1,0,12,902.2112876884144,918.8222184672308,908.7464582782598,-447.1056438442072,0.5632541104736429,1.9310508263580828,913.3870408673731
1030,1,3,1,1,8,901.8986104216722,922.6622738951927,910.0675736589789,-445.9493052108361,0.5641795909832925,1.9290655034502344,912.4479831319609
1031,1,3,1,1,9,900.0184542835898,920.7821177571103,908.1874175208965,-445.0092271417949,0.5627755175653195,1.9275483877718418,911.7303874160812
1032,1,3,1,1,10,902.8414707944697,923.6051342679903,911.0104340317764,-446.42073539723486,0.5615537988771458,1.9298717034397348,912.8293157269945
1033,1,3,1,1,11,894.9167823160584,915.6804457895789,903.0857455533651,-442.4583911580292,0.5595480789745669,1.9234075569796054,909.7717744513534
1034,1,3,1,1,12,884.0574988333195,904.82116230684,892.2264620706262,-437.02874941665976,0.5523354949776474,1.9145733037613466,905.593172679117
1035,1,3,1,2,8,894.7633772335389,919.6797734017636,904.5661331183069,-441.38168861676945,0.56208569233049,1.921556198620868,908.8960819476706
1036,1,3,1,2,9,901.9230888395372,926.8394850077618,911.7258447243051,-444.9615444197686,0.5625673269847973,1.9274672020906105,911.6919865888588
1037,1,3,1,2,10,903.299709445743,928.2161056139677,913.102465330511,-445.6498547228715,0.5627536705140938,1.9285546979510388,912.2063721308414
1038,1,3,1,2,11,897.1913328115572,922.1077289797819,906.9940886963252,-442.5956664057786,0.5597883096398677,1.9236036512261516,909.8645270299697
1039,1,3,1,2,12,867.8507107577,892.7671069259246,877.653466642468,-427.92535537885,0.5421333290739434,1.9002429334421276,898.8149075181263
1040,1,3,1,3,8,876.2212765859731,905.2904054489019,887.6578251182025,-431.11063829298655,0.549797673515341,1.9051738155822078,901.1472147703843
1041,1,3,1,3,9,900.8203556381638,929.8894845010926,912.2569041703932,-443.4101778190819,0.5588641597721457,1.924924995440155,910.4895228431933
1042,1,3,1,3,10,901.7224186173846,930.7915474803134,913.158967149614,-443.8612093086923,0.5587718786514451,1.9255511149259645,910.7856773599813
1043,1,3,1,3,11,898.6529347065909,927.7220635695197,910.0894832388203,-442.32646735329547,0.5578404127451051,1.9231244182494638,909.6378498319964
1044,1,3,1,3,12,855.9197855557157,884.9889144186445,867.3563340879451,-420.9598927778579,0.5326502691411275,1.8894253297733754,893.6981809828065
1045,1,3,1,4,8,869.6089259615032,902.830787519136,882.6792671411939,-426.8044629807516,0.5478287737387493,1.8985205690609128,898.0002291658118
1046,1,3,1,4,9,884.0869435672325,917.3088051248653,897.1572847469232,-434.04347178361627,0.5441373814641666,1.9094885990450443,903.188107348306
1047,1,3,1,4,10,903.6423129146717,936.8641744723045,916.7126540943624,-443.82115645733586,0.557741221548049,1.9255060003102682,910.7643381467568
1048,1,3,1,4,11,899.6909420580577,932.9128036156904,912.7612832377483,-441.84547102902883,0.5578140666133724,1.9223817557240823,909.2865704574909
1049,1,3,1,4,12,853.36823777424,886.5900993318728,866.4385789539307,-418.68411888712,0.5314857857218795,1.886064343773393,892.1084346048149
1050,1,3,2,0,8,749.7907745549221,770.5544380284426,757.9597377922288,-369.89538727746105,0.4936764020257703,1.8223430714350666,861.9682727887865
1051,1,3,2,0,9,749.7907745549221,770.5544380284426,757.9597377922288,-369.89538727746105,0.4936764020257703,1.8223430714350666,861.9682727887865
1052,1,3,2,0,10,749.7907745549221,770.5544380284426,757.9597377922288,-369.89538727746105,0.4936764020257703,1.8223430714350666,861.9682727887865
1053,1,3,2,0,11,749.7907745549221,770.5544380284426,757.9597377922288,-369.89538727746105,0.4936764020257703,1.8223430714350666,861.9682727887865
1054,1,3,2,0,12,749.7907745549221,770.5544380284426,757.9597377922288,-369.89538727746105,0.4936764020257703,1.8223430714350666,861.9682727887865
1055,1,3,2,1,8,744.8137457315634,769.730141899788,754.6165016163313,-366.4068728657817,0.49234949097788727,1.8181107689956575,859.966393734946
1056,1,3,2,1,9,752.6430277031094,777.559423871334,762.4457835878774,-370.3215138515547,0.4938005472538162,1.8226885109089683,862.131665659942
1057,1,3,2,1,10,771.0815721800874,795.997968348312,780.8843280648554,-379.5407860900437,0.5053208320036456,1.8337270130515106,867.3528771733645
1058,1,3,2,1,11,716.7275482397941,741.6439444080188,726.5303041245621,-352.3637741198971,0.4793233291983422,1.8022178908998177,852.4490623956137
1059,1,3,2,1,12,700.537771183919,725.4541673521436,710.3405270686869,-344.2688855919595,0.47192909472466293,1.7932331084603699,848.199260301755
1060,1,3,2,2,8,784.2971598444553,813.3662887073841,795.7337083766847,-385.14857992222767,0.5126976006992107,1.8403592634180646,870.4899315967446
1061,1,3,2,2,9,754.9029510211387,783.9720798840675,766.3394995533681,-370.45147551056937,0.4930302707974267,1.8211454770832087,861.4018106603577
1062,1,3,2,2,10,753.3652325555759,782.4343614185046,764.8017810878052,-369.68261627778793,0.49307450788788293,1.8221103215834094,861.8581821089526
1063,1,3,2,2,11,788.5419214374688,817.6110503003976,799.9784699696982,-387.2709607187344,0.5075963106158126,1.8368268943842674,868.8191210437585
1064,1,3,2,2,12,,,,,,,
1065,1,3,2,3,8,16.0,49.221861557632835,29.07034117969069,0.0,184050575602.70602,7.728298633238405e+22,3.6554852535217657e+25
1066,1,3,2,3,9,772.573864886137,805.7957264437698,785.6442060658277,-378.2869324430685,0.5083486802693032,1.831743657009022,866.4147497652674
1067,1,3,2,3,10,784.987293677277,818.2091552349098,798.0576348569676,-384.4936468386385,0.5102568306813234,1.8401517135690366,870.3917605181543
1068,1,3,2,3,11,760.9542535412311,794.1761150988639,774.0245947209218,-372.47712677061554,0.4984466278487701,1.8248069221768617,863.1336741896556
1069,1,3,2,3,12,693.1361202896363,726.3579818472691,706.206461469327,-338.56806014481816,0.4619754614999974,1.7816066799809551,842.6999596309918
1070,1,3,2,4,8,707.030738191662,744.4053324439989,721.734872018814,-344.515369095831,0.4746991933638856,1.7926244113848835,847.9113465850498
1071,1,3,2,4,9,771.6623446803357,809.0369389326726,786.3664785074877,-376.8311723401678,0.4977476639180615,1.82839088245919,864.8288874031969
1072,1,3,2,4,10,863.2933415303764,900.6679357827134,877.9974753575285,-422.6466707651882,0.5367690815219666,1.8878837502823023,892.969013883529
1073,1,3,2,4,11,780.6627320158441,818.037326268181,795.3668658429962,-381.33136600792204,0.5027537628817383,1.835684782300442,868.2789020281091
1074,1,3,2,4,12,763.5517592737574,800.9263535260943,778.2558931009095,-372.7758796368787,0.4914566887599984,1.8162691746104953,859.0953195907642
1075,1,3,3,0,8,767.6044021491269,792.5207983173516,777.4071580338949,-377.80220107456347,0.49991078099293396,1.8315904975109523,866.3423053226804
1076,1,3,3,0,9,767.6044021491269,792.5207983173516,777.4071580338949,-377.80220107456347,0.49991078099293396,1.8315904975109523,866.3423053226804
1077,1,3,3,0,10,767.6044021491269,792.5207983173516,777.4071580338949,-377.80220107456347,0.49991078099293396,1.8315904975109523,866.3423053226804
1078,1,3,3,0,11,767.6044021491269,792.5207983173516,777.4071580338949,-377.80220107456347,0.49991078099293396,1.8315904975109523,866.3423053226804
1079,1,3,3,0,12,767.6044021491269,792.5207983173516,777.4071580338949,-377.80220107456347,0.49991078099293396,1.8315904975109523,866.3423053226804
1080,1,3,3,1,8,756.9842498115032,786.053378674432,768.4207983437326,-371.4921249057516,0.4952783093964247,1.8239708648379698,862.7382190683597
1081,1,3,3,1,9,767.8122962523389,796.8814251152677,779.2488447845683,-376.90614812616946,0.4995689859135362,1.8302867661389213,865.7256403837098
1082,1,3,3,1,10,764.3645913968367,793.4337202597654,775.801139929066,-375.18229569841833,0.49776991048355756,1.828536453641114,864.8977425722469
1083,1,3,3,1,11,732.1554337884575,761.2245626513862,743.5919823206868,-359.07771689422873,0.482486588564868,1.8095463233213265,855.9154109309874
1084,1,3,3,1,12,721.6282036678472,750.697332530776,733.0647522000766,-353.8141018339236,0.4767863471738059,1.8034545719884358,853.0340125505302
1085,1,3,3,2,8,735.2192695215731,768.4411310792059,748.2896107012638,-359.60963476078655,0.4830886595562752,1.8100626559859516,856.1596362813551
1086,1,3,3,2,9,753.4917554246503,786.713616982283,766.5620966043409,-368.7458777123251,0.49140399631647724,1.8208819910193268,861.2771817521416
1087,1,3,3,2,10,759.1677038703934,792.3895654280262,772.2380450500841,-371.5838519351967,0.49490877786422566,1.824211557181773,862.8520665469786
1088,1,3,3,2,11,733.9494177822457,767.1712793398785,747.0197589619364,-358.9747088911229,0.4826524314860446,1.8094397091184893,855.8649824130455
1089,1,3,3,2,12,692.5710939609132,725.792955518546,705.6414351406039,-338.2855469804566,0.46408592229836676,1.7866628429027116,845.0915246929826
1090,1,3,3,3,8,702.1405265050684,739.5151207574053,716.8446603322204,-342.0702632525342,0.46762131846957994,1.7906714548183804,846.987598129094
1091,1,3,3,3,9,747.4529443552833,784.8275386076202,762.1570781824354,-364.72647217764165,0.4881096939393613,1.8162314629382548,859.0774819697945
1092,1,3,3,3,10,764.1347696055601,801.509363857897,778.8389034327122,-373.06738480278005,0.49718946107600664,1.8259929220604452,863.6946521345906
1093,1,3,3,3,11,734.0858803025651,771.460474554902,748.7900141297172,-358.04294015128255,0.4813875081934608,1.8080050695981267,855.1863979199139
1094,1,3,3,3,12,674.8773603960282,712.2519546483651,689.5814942231802,-328.4386801980141,0.4550139609527981,1.7767027624445646,840.3804066362791
1095,1,3,3,4,8,695.2097025173276,736.7370294643687,711.547628991941,-337.6048512586638,0.4650066062679484,1.7856557880032602,844.6151877255421
1096,1,3,3,4,9,723.0565685496741,764.5838954967152,739.3944950242875,-351.52828427483706,0.4737712589761049,1.801008428082248,851.8769864829034
1097,1,3,3,4,10,753.9031107455564,795.4304376925975,770.2410372201698,-366.9515553727782,0.49121416125173295,1.8187222560381497,860.2556271060448
1098,1,3,3,4,11,734.2137889820626,775.7411159291037,750.551715456676,-357.1068944910313,0.48205512736383965,1.807087091406969,854.7521942354963
1099,1,3,3,4,12,684.4319311796071,725.9592581266481,700.7698576542205,-332.21596558980355,0.4574949204586058,1.778494065139383,841.2276928109281
1100,1,3,4,0,8,756.8871384453582,785.956267308287,768.3236869775876,-371.4435692226791,0.4955180673024327,1.824137776581,862.817168322813
1101,1,3,4,0,9,756.8871384453582,785.956267308287,768.3236869775876,-371.4435692226791,0.4955180673024327,1.824137776581,862.817168322813
1102,1,3,4,0,10,756.8871384453582,785.956267308287,768.3236869775876,-371.4435692226791,0.4955180673024327,1.824137776581,862.817168322813
1103,1,3,4,0,11,756.8871384453582,785.956267308287,768.3236869775876,-371.4435692226791,0.4955180673024327,1.824137776581,862.817168322813
1104,1,3,4,0,12,756.8871384453582,785.956267308287,768.3236869775876,-371.4435692226791,0.4955180673024327,1.824137776581,862.817168322813
1105,1,3,4,1,8,749.5791000273828,782.8009615850156,762.6494412070734,-366.7895500136914,0.49259691864617666,1.8185194493525152,860.1596995437396
1106,1,3,4,1,9,810.935913519451,844.1577750770838,824.0062546991417,-397.4679567597255,0.5338354692589247,1.8568525192317842,878.2912415966339
1107,1,3,4,1,10,759.3177434181084,792.5396049757412,772.3880845977991,-371.6588717090542,0.4968379932978724,1.8243783297210137,862.9309499580395
1108,1,3,4,1,11,726.5259457911586,759.7478073487914,739.5962869708493,-355.2629728955793,0.48303115239777944,1.8054398773122686,853.9730619687031
1109,1,3,4,1,12,705.7899488098578,739.0118103674906,718.8602899895485,-344.8949744049289,0.474207971978652,1.79374502011217,848.4413945130565
1110,1,3,4,2,8,742.0502952302608,779.4248894825977,756.7544290574128,-362.0251476151304,0.4862709127263074,1.8122244382055812,857.1821592712399
1111,1,3,4,2,9,774.4745360927408,811.8491303450777,789.1786699198929,-378.2372680463704,0.5105928106943727,1.8325605954709345,866.801161657752
1112,1,3,4,2,10,769.8699765213902,807.2445707737271,784.5741103485423,-375.9349882606951,0.4979354667064564,1.828982942009566,865.1089315705248
1113,1,3,4,2,11,756.8677918268321,794.242386079169,771.5719256539842,-369.43389591341605,0.5014160881566283,1.8217992711208606,861.7110552401671
1114,1,3,4,2,12,726.3138669785824,763.6884612309193,741.0180008057345,-354.1569334892912,0.4735256649845226,1.797375932677536,850.1588161564746
1115,1,3,4,3,8,750.667492362328,792.194819309369,767.0054188369413,-365.333746181164,0.49620859236615805,1.81508534341765,858.5353674365484
1116,1,3,4,3,9,819.0359655295443,860.5632924765854,835.3738920041577,-399.51798276477217,0.52563663005279,1.858161508459363,878.9103935012787
1117,1,3,4,3,10,848.7746324237095,890.3019593707505,865.1125588983228,-414.38731621185474,0.5361424497099845,1.8725250808062612,885.7043632213615
1118,1,3,4,3,11,740.0496073600209,781.576934307062,756.3875338346343,-360.02480368001045,0.4869943101020616,1.8100668704231717,856.1616297101602
1119,1,3,4,3,12,705.7146218853386,747.2419488323796,722.052548359952,-342.8573109426693,0.4671709496673657,1.784303994251927,843.9757892811615
1120,1,3,4,4,8,794.1797892978482,839.8598489395933,812.1515084199228,-386.0898946489241,0.5131325822078215,1.8368829960188684,868.8456571169247
1121,1,3,4,4,9,752.6914355149552,798.3714951567003,770.6631546370298,-365.3457177574776,0.48619896463997603,1.8134518864336744,857.762742283128
1122,1,3,4,4,10,865.9595301286233,911.6395897703685,883.931249250698,-421.97976506431166,0.539589143389207,1.8903595679790712,894.1400756541007
1123,1,3,4,4,11,773.4341086736092,819.1141683153544,791.4058277956839,-375.7170543368046,0.5028222845519894,1.8287043045871607,864.9771360697271
1124,1,3,4,4,12,689.4135096537439,735.093569295489,707.3852287758185,-333.70675482687193,0.46042111665218205,1.7764565162522261,840.263932187303
1125,1,4,0,0,8,1705.9635094295982,1718.415317734937,1710.862809958469,-849.9817547147991,1.2580559746641873,4.859739210032494,2298.6566463453696
1126,1,4,0,0,9,1705.9635094295982,1718.415317734937,1710.862809958469,-849.9817547147991,1.2580559746641873,4.859739210032494,2298.6566463453696
1127,1,4,0,0,10,1705.9635094295982,1718.415317734937,1710.862809958469,-849.9817547147991,1.2580559746641873,4.859739210032494,2298.6566463453696
1128,1,4,0,0,11,1705.9635094295982,1718.415317734937,1710.862809958469,-849.9817547147991,1.2580559746641873,4.859739210032494,2298.6566463453696
1129,1,4,0,0,12,1705.9635094295982,1718.415317734937,1710.862809958469,-849.9817547147991,1.2580559746641873,4.859739210032494,2298.6566463453696
1130,1,4,0,1,8,1707.861043351787,1724.463454425572,1714.393444056948,-849.9305216758935,1.2581224307094068,4.859250804423402,2298.425630492269
1131,1,4,0,1,9,1707.8702688240955,1724.4726798978807,1714.4026695292566,-849.9351344120478,1.258292951353914,4.859290875601452,2298.444584159487
1132,1,4,0,1,10,1707.1703060523646,1723.7727171261497,1713.7027067575257,-849.5851530261823,1.2564654125470966,4.856057198720625,2296.9150549948554
1133,1,4,0,1,11,1707.7656121802156,1724.3680232540007,1714.2980128853767,-849.8828060901078,1.2583276998750295,4.858834373343318,2298.2286585913894
1134,1,4,0,1,12,1707.8129851580125,1724.4153962317976,1714.3453858631735,-849.9064925790062,1.257563913510361,4.859012773489936,2298.3130418607398
1135,1,4,0,2,8,1707.8527382474665,1728.605752089698,1716.0182391289177,-848.9263691237333,1.2622941834438088,4.849863533768356,2293.9854514724325
1136,1,4,0,2,9,1709.8353670752226,1730.588380917454,1718.0008679566738,-849.9176835376113,1.2586127079527616,4.85913190232444,2298.36938979946
1137,1,4,0,2,10,1708.2367885428116,1728.989802385043,1716.4022894242628,-849.1183942714058,1.257054779398602,4.851664645539681,2294.837377340269
1138,1,4,0,2,11,1709.3630889742872,1730.1161028165186,1717.5285898557383,-849.6815444871436,1.2569122655313836,4.8569176872486,2297.322066068588
1139,1,4,0,2,12,1706.8451168818642,1727.5981307240957,1715.0106177633154,-848.4225584409321,1.2509336926966852,4.8450167480549515,2291.692921829992
1140,1,4,0,3,8,1706.6705745296306,1731.5741911403084,1716.469175587372,-847.3352872648153,1.2544790816776197,4.834931854889139,2286.922767362563
1141,1,4,0,3,9,1711.8318099946423,1736.73542660532,1721.6304110523838,-849.9159049973211,1.2585422094060388,4.859113530919218,2298.36070012479
1142,1,4,0,3,10,1703.906462610244,1728.8100792209218,1713.7050636679855,-845.953231305122,1.2450217830267105,4.821592915767645,2280.613449158096
1143,1,4,0,3,11,1709.013924131632,1733.9175407423097,1718.8125251893734,-848.506962065816,1.2481691083398012,4.845607388923253,2291.9722949606985
1144,1,4,0,3,12,1704.9936912025983,1729.897307813276,1714.7922922603398,-846.4968456012991,1.2384560793050359,4.8265078486539625,2282.9382124133244
1145,1,4,0,4,8,1705.0266324381782,1734.0808518173021,1716.45833367221,-845.5133162190891,1.2462623875080177,4.817603289745094,2278.7263560494293
1146,1,4,0,4,9,1710.0593699724845,1739.1135893516084,1721.4910712065164,-848.0296849862423,1.2443897588545496,4.840888117914866,2289.7400797737314
1147,1,4,0,4,10,1705.640285563856,1734.6945049429798,1717.0719867978878,-845.820142781928,1.2459569245378623,4.820329646965451,2280.0159230146583
1148,1,4,0,4,11,1710.521791560674,1739.576010939798,1721.9534927947059,-848.260895780337,1.2497361009738637,4.843272874357992,2290.86806957133
1149,1,4,0,4,12,1705.5308600014296,1734.5850793805535,1716.9625612354614,-845.7654300007148,1.2361541300804413,4.819453893388149,2279.601691572594
1150,1,4,1,0,8,1254.3376685623582,1270.9400796361433,1260.8700692675193,-623.1688342811791,0.8338023677922444,3.511225387128587,1660.8096081118217
1151,1,4,1,0,9,1254.3376685623582,1270.9400796361433,1260.8700692675193,-623.1688342811791,0.8338023677922444,3.511225387128587,1660.8096081118217
1152,1,4,1,0,10,1254.3376685623582,1270.9400796361433,1260.8700692675193,-623.1688342811791,0.8338023677922444,3.511225387128587,1660.8096081118217
1153,1,4,1,0,11,1254.3376685623582,1270.9400796361433,1260.8700692675193,-623.1688342811791,0.8338023677922444,3.511225387128587,1660.8096081118217
1154,1,4,1,0,12,1254.3376685623582,1270.9400796361433,1260.8700692675193,-623.1688342811791,0.8338023677922444,3.511225387128587,1660.8096081118217
1155,1,4,1,1,8,1256.3084307313723,1277.0614445736037,1264.4739316128234,-623.1542153656861,0.8335764403495346,3.5111602947860345,1660.7788194337943
1156,1,4,1,1,9,1255.3171659772258,1276.0701798194573,1263.482666858677,-622.6585829886129,0.8332045761529117,3.509379630094248,1659.9365650345792
1157,1,4,1,1,10,1254.5737546262885,1275.32676846852,1262.7392555077397,-622.2868773131443,0.833821589693903,3.5079955104598555,1659.2818764475116
1158,1,4,1,1,11,1255.2421898948296,1275.995203737061,1263.4076907762808,-622.6210949474148,0.8344611507491079,3.509318347897775,1659.9075785556477
1159,1,4,1,1,12,1253.2447593980598,1273.9977732402913,1261.410260279511,-621.6223796990299,0.8296717991798158,3.5056916243687515,1658.1921383264194
1160,1,4,1,2,8,1255.6787491179166,1280.5823657285944,1265.477350175658,-621.8393745589583,0.833822010997802,3.5064598689462727,1658.555518011587
1161,1,4,1,2,9,1257.2370336122349,1282.1406502229127,1267.0356346699764,-622.6185168061174,0.8335299657706032,3.5092449125954945,1659.872843657669
1162,1,4,1,2,10,1256.8714720437854,1281.7750886544632,1266.670073101527,-622.4357360218927,0.8339940987625889,3.5085137787373903,1659.5270173427857
1163,1,4,1,2,11,1256.5593988967262,1281.463015507404,1266.3579999544677,-622.2796994483631,0.8335906550418147,3.5080819319662253,1659.3227538200247
1164,1,4,1,2,12,1249.1390080791684,1274.0426246898462,1258.93760913691,-618.5695040395842,0.8256594096913275,3.4949196827270126,1653.097009929877
1165,1,4,1,3,8,1250.8494926133687,1279.9037119924926,1262.2811938474006,-618.4247463066844,0.8270132814121778,3.494536054883925,1652.9155539600965
1166,1,4,1,3,9,1258.8116827754634,1287.8659021545873,1270.2433840094952,-622.4058413877317,0.8338147638682691,3.5084803707247234,1659.5112153527941
1167,1,4,1,3,10,1249.9338949191244,1278.9881142982483,1261.3655961531563,-617.9669474595622,0.8225472813427479,3.4926800357792067,1652.0376569235648
1168,1,4,1,3,11,1258.2395092528309,1287.2937286319548,1269.6712104868627,-622.1197546264154,0.8323136906815747,3.5075068724971237,1659.0507506911395
1169,1,4,1,3,12,1244.1182686623729,1273.1724880414968,1255.5499698964047,-615.0591343311864,0.8161133088467163,3.4824593183095125,1647.2032575603994
1170,1,4,1,4,8,1248.2361695513016,1281.4409916988718,1261.3009709616235,-616.1180847756508,0.8244523461906946,3.486394192888233,1649.0644532361343
1171,1,4,1,4,9,1254.7543351880367,1287.959157335607,1267.8191365983587,-619.3771675940184,0.823709930146581,3.4972456294929004,1654.1971827501418
1172,1,4,1,4,10,1251.3315897239772,1284.5364118715474,1264.3963911342992,-617.6657948619886,0.8222865539659299,3.4916103064607205,1651.5316749559208
1173,1,4,1,4,11,1259.973249174376,1293.1780713219462,1273.0380505846979,-621.986624587188,0.8329920753033244,3.507042162871661,1658.8309430382956
1174,1,4,1,4,12,1244.7532767491189,1277.958098896689,1257.8180781594408,-614.3766383745594,0.8153734742580246,3.479706571056784,1645.9012081098588
1175,1,4,2,0,8,916.7740705511656,937.527084393397,924.9395714326168,-453.3870352755828,0.6103897099761854,3.08919501272537,1461.1892410190999
1176,1,4,2,0,9,916.7740705511656,937.527084393397,924.9395714326168,-453.3870352755828,0.6103897099761854,3.08919501272537,1461.1892410190999
1177,1,4,2,0,10,916.7740705511656,937.527084393397,924.9395714326168,-453.3870352755828,0.6103897099761854,3.08919501272537,1461.1892410190999
1178,1,4,2,0,11,916.7740705511656,937.527084393397,924.9395714326168,-453.3870352755828,0.6103897099761854,3.08919501272537,1461.1892410190999
1179,1,4,2,0,12,916.7740705511656,937.527084393397,924.9395714326168,-453.3870352755828,0.6103897099761854,3.08919501272537,1461.1892410190999
1180,1,4,2,1,8,916.610819421815,941.5144360324927,926.4094204795565,-452.3054097109075,0.6111848543718476,3.0873247384268288,1460.30460127589
1181,1,4,2,1,9,920.1042980418665,945.0079146525442,929.902899099608,-454.05214902093326,0.613184829580616,3.0896697660217414,1461.4137993282836
1182,1,4,2,1,10,917.5242067282908,942.4278233389684,927.3228077860323,-452.7621033641454,0.6087368126882247,3.08807613076667,1460.6600098526349
1183,1,4,2,1,11,909.3338028661412,934.2374194768189,919.1324039238827,-448.6669014330706,0.6060451153356322,3.0811421348224624,1457.3802297710247
1184,1,4,2,1,12,898.2459745822767,923.1495911929544,908.0445756400183,-443.1229872911384,0.5985964857872542,3.0715814511849984,1452.8580264105042
1185,1,4,2,2,8,909.5645226255567,938.6187420046807,920.9962238595884,-447.78226131277836,0.6087083882928511,3.0796372075187666,1456.6683991563766
1186,1,4,2,2,9,916.7508141720959,945.8050335512199,928.1825154061277,-451.37540708604797,0.6097403133638264,3.085847124200126,1459.6056897466597
1187,1,4,2,2,10,918.0013249094218,947.0555442885458,929.4330261434535,-452.0006624547109,0.6098051841832199,3.0867799043074586,1460.046894737428
1188,1,4,2,2,11,911.8912251433037,940.9454445224277,923.3229263773354,-448.94561257165185,0.6053163924909881,3.081439169616392,1457.5207272285534
1189,1,4,2,2,12,882.4311472171528,911.4853665962768,893.8628484511845,-434.2155736085764,0.5885402678952858,3.0572654400637322,1446.0865531501454
1190,1,4,2,3,8,890.9968965481711,924.2017186957413,904.0616979584931,-437.49844827408555,0.5956104426424936,3.06275472167673,1448.6829833530933
1191,1,4,2,3,9,915.3535138865963,948.5583360341665,928.4183152969183,-449.67675694329813,0.6044738098329996,3.0829471852039982,1458.2340186014912
1192,1,4,2,3,10,916.9402527513837,950.1450748989539,930.0050541617057,-450.47012637569185,0.6057865143113275,3.084046324059049,1458.7539112799302
1193,1,4,2,3,11,912.0237483344271,945.2285704819973,925.0885497447491,-448.01187416721353,0.6043814452513154,3.0799878223129897,1456.834239954044
1194,1,4,2,3,12,935.5045167163139,968.7093388638841,948.569318126636,-459.75225835815695,0.6061516182322975,3.086546713198674,1459.9365953429729
1195,1,4,2,4,8,890.3990429968983,927.7544679129148,905.0969445835105,-436.19952149844914,0.5979767057428614,3.0602999524873935,1447.521877526537
1196,1,4,2,4,9,921.5952998453042,958.9507247613208,936.2932014319165,-451.7976499226521,0.6004542752306936,3.0848222738189714,1459.1209355163735
1197,1,4,2,4,10,923.536091574896,960.8915164909125,938.2339931615082,-452.768045787448,0.6080850120302211,3.0876378256263917,1460.4526915212832
1198,1,4,2,4,11,916.7782780539142,954.1337029699307,931.4761796405264,-449.3891390269571,0.6057544201233078,3.0820971762045932,1457.8319643447726
1199,1,4,2,4,12,911.2608362939453,948.6162612099619,925.9587378805576,-446.63041814697266,0.5973319194891157,3.067452188484212,1450.9048851530324
1200,1,4,3,0,8,814.9782431252593,839.8818597359369,824.7768441830008,-401.48912156262963,0.5639801391588163,3.01012345267295,1423.7883931143053
1201,1,4,3,0,9,814.9782431252593,839.8818597359369,824.7768441830008,-401.48912156262963,0.5639801391588163,3.01012345267295,1423.7883931143053
1202,1,4,3,0,10,814.9782431252593,839.8818597359369,824.7768441830008,-401.48912156262963,0.5639801391588163,3.01012345267295,1423.7883931143053
1203,1,4,3,0,11,814.9782431252593,839.8818597359369,824.7768441830008,-401.48912156262963,0.5639801391588163,3.01012345267295,1423.7883931143053
1204,1,4,3,0,12,814.9782431252593,839.8818597359369,824.7768441830008,-401.48912156262963,0.5639801391588163,3.01012345267295,1423.7883931143053
1205,1,4,3,1,8,845.5756302429141,874.6298496220381,857.0073314769459,-415.7878151214571,0.571612454726634,3.025382538515019,1431.0059407176038
1206,1,4,3,1,9,796.3396186099437,825.3938379890677,807.7713198439754,-391.16980930497186,0.5550609929545426,2.997069892689168,1417.6140592419765
1207,1,4,3,1,10,804.8878635216126,833.9420829007366,816.3195647556444,-395.4439317608063,0.5608200403465751,3.0028354490920974,1420.341167420562
1208,1,4,3,1,11,817.7408737889416,846.7950931680656,829.1725750229733,-401.8704368944708,0.5687859992369303,3.0104698267882513,1423.952228070843
1209,1,4,3,1,12,905.5837795974016,934.6379989765256,917.0154808314334,-445.7918897987008,0.6155098634895124,3.073360620051747,1453.6995732844764
1210,1,4,3,2,8,770.4455915106483,803.6504136582186,783.5103929209704,-377.22279575532417,0.5467181008057947,2.980532333992409,1409.7917939784095
1211,1,4,3,2,9,821.8856157188953,855.0904378664655,834.9504171292174,-402.94280785944767,0.5670166344794709,3.0129569582006055,1425.1286412288864
1212,1,4,3,2,10,798.0470388344991,831.2518609820693,811.1118402448211,-391.02351941724953,0.5590716887588967,2.9978590666272513,1417.9873385146898
1213,1,4,3,2,11,787.1484936495935,820.3533157971638,800.2132950599156,-385.5742468247968,0.549011039356144,2.990192468804412,1414.361037744487
1214,1,4,3,2,12,753.995155593693,787.1999777412632,767.059957004015,-368.9975777968465,0.5405269278983329,2.9686145936546056,1404.1547027986285
1215,1,4,3,3,8,942.772038298777,980.1274632147936,957.4699398853893,-462.3860191493885,0.6232974336894542,3.1045656096690633,1468.459533373467
1216,1,4,3,3,9,842.7460757593643,880.1015006753809,857.4439773459766,-412.37303787968216,0.572877427535323,3.0260919445857066,1431.3414897890393
1217,1,4,3,3,10,912.3613380486919,949.7167629647084,927.0592396353042,-447.18066902434595,0.6132666824331954,3.0785776545112165,1456.1672305838053
1218,1,4,3,3,11,830.4786499253182,867.8340748413348,845.1765515119305,-406.2393249626591,0.5657809374234155,3.0165224654210285,1426.8151261441465
1219,1,4,3,3,12,912.1081777483398,949.4636026643564,926.8060793349521,-447.0540888741699,0.6060467615524694,3.07320091680624,1453.6240336493515
1220,1,4,3,4,8,,,,,,,
1221,1,4,3,4,9,897.3371917926611,938.8432194771239,913.6681935555636,-438.66859589633054,0.5951181925116882,3.0554339111857414,1445.2202399908556
1222,1,4,3,4,10,944.7778367976382,986.283864482101,961.1088385605407,-462.3889183988191,0.6265553852485122,3.0952791414726706,1464.067033916573
1223,1,4,3,4,11,782.0987789967612,823.604806681224,798.4297807596637,-381.0493894983806,0.5448733011091053,2.984678868154927,1411.7531046372803
1224,1,4,3,4,12,922.2213638852502,963.727391569713,938.5523656481527,-451.1106819426251,0.6135870259795334,3.0775630532460014,1455.6873241853586
1225,1,4,4,0,8,804.556350001661,833.610569380785,815.9880512356928,-395.2781750008305,0.5649223722717165,3.002768898048565,1420.3096887769711
1226,1,4,4,0,9,804.556350001661,833.610569380785,815.9880512356928,-395.2781750008305,0.5649223722717165,3.002768898048565,1420.3096887769711
1227,1,4,4,0,10,804.556350001661,833.610569380785,815.9880512356928,-395.2781750008305,0.5649223722717165,3.002768898048565,1420.3096887769711
1228,1,4,4,0,11,804.556350001661,833.610569380785,815.9880512356928,-395.2781750008305,0.5649223722717165,3.002768898048565,1420.3096887769711
1229,1,4,4,0,12,804.556350001661,833.610569380785,815.9880512356928,-395.2781750008305,0.5649223722717165,3.002768898048565,1420.3096887769711
1230,1,4,4,1,8,802.6561019970673,835.8609241446375,815.7209034073893,-393.3280509985336,0.559230335240396,2.9995745851734723,1418.7987787870525
1231,1,4,4,1,9,803.6627358549487,836.8675580025189,816.7275372652707,-393.83136792747433,0.5593038645285827,2.9962676385616294,1417.2345930396507
1232,1,4,4,1,10,856.8365321396125,890.0413542871827,869.9013335499345,-420.41826606980624,0.5817250070231039,3.0370982420940633,1436.5474685104919
1233,1,4,4,1,11,764.3569596726575,797.5617818202277,777.4217610829795,-374.17847983632873,0.5378184573338112,2.9757075290366144,1407.5096612343186
1234,1,4,4,1,12,840.7397243302962,873.9445464778664,853.8045257406183,-412.3698621651481,0.5689690041206731,3.0224226434808266,1429.6059103664309
1235,1,4,4,2,8,1018.1160012891039,1055.4714262051205,1032.8139028757162,-500.05800064455195,0.6534538467294619,3.158228371056818,1493.842019509875
1236,1,4,4,2,9,796.6508291918315,834.006254107848,811.3487307784437,-389.32541459591573,0.5609299244373626,2.9949599490096284,1416.6160558815543
1237,1,4,4,2,10,805.0624422951114,842.4178672111279,819.7603438817237,-393.5312211475557,0.5603277742190229,2.9983879388167436,1418.2374950603198
1238,1,4,4,2,11,769.517477483024,806.8729023990405,784.2153790696362,-375.758738741512,0.5412795472688139,2.9780395907426316,1408.6127264212648
1239,1,4,4,2,12,844.2728028204795,881.628227736496,858.9707044070917,-413.1364014102397,0.5598434174102026,3.0141023910530005,1425.6704309680692
1240,1,4,4,3,8,906.4271627376065,947.9331904220693,922.758164500509,-443.21358136880326,0.599735614804124,3.0602545712123557,1447.5004121834443
1241,1,4,4,3,9,873.0206499887599,914.5266776732227,889.3516517516624,-426.51032499437997,0.5912150511394508,3.0430564096839987,1439.3656817805313
1242,1,4,4,3,10,886.01278072261,927.5188084070728,902.3437824855125,-433.006390361305,0.5953817999588437,3.054163415393448,1444.6192954811008
1243,1,4,4,3,11,809.4376862414633,850.9437139259261,825.7686880043658,-394.71884312073166,0.5635883107314339,3.0007407917102804,1419.3503944789627
1244,1,4,4,3,12,791.1695015854968,832.6755292699596,807.5005033483993,-385.5847507927484,0.5407772991685639,2.980076749410719,1409.57630247127
1245,1,4,4,4,8,806.0611856882786,851.7178161411877,824.0252876274714,-392.0305928441393,0.5576453022920844,2.994587290432691,1416.4397883746628
1246,1,4,4,4,9,938.4717283460914,984.1283587990005,956.4358302852842,-458.2358641730457,0.5958093315213049,3.0637119213088644,1449.135738779093
1247,1,4,4,4,10,891.2662363157054,936.9228667686145,909.2303382548982,-434.6331181578527,0.5997980983464001,3.055805722224157,1445.3961066120262
1248,1,4,4,4,11,812.2082904004665,857.8649208533756,830.1723923396593,-395.10414520023323,0.5638767275393283,3.001669457460344,1419.7896533787427
1249,1,4,4,4,12,818.8765430870639,864.533173539973,836.8406450262567,-398.4382715435319,0.5572523621781922,2.9964958349570296,1417.342529934675
1250,2,0,0,0,8,694.8177971277973,711.454178681765,701.3612364417494,-343.4088985638987,0.381339584992224,0.24947950430980664,118.00380553853854
1251,2,0,0,0,9,694.8177971277973,711.454178681765,701.3612364417494,-343.4088985638987,0.381339584992224,0.24947950430980664,118.00380553853854
1252,2,0,0,0,10,694.8177971277973,711.454178681765,701.3612364417494,-343.4088985638987,0.381339584992224,0.24947950430980664,118.00380553853854
1253,2,0,0,0,11,694.8177971277973,711.454178681765,701.3612364417494,-343.4088985638987,0.381339584992224,0.24947950430980664,118.00380553853854
1254,2,0,0,0,12,694.8177971277973,711.454178681765,701.3612364417494,-343.4088985638987,0.381339584992224,0.24947950430980664,118.00380553853854
1255,2,0,0,1,8,1086.6099249404058,1107.4054018828654,1094.7892240828457,-538.3049624702029,0.6605864111876713,1.9592017552071423,926.7024302129784
1256,2,0,0,1,9,696.6576306769855,717.4531076194452,704.8369298194254,-343.32881533849275,0.3813126717875647,0.24938994221415423,117.96144266729495
1257,2,0,0,1,10,695.5003440531499,716.2958209956096,703.6796431955898,-342.75017202657494,0.3802370722018624,0.24880157693050714,117.68314588812987
1258,2,0,0,1,11,657.569866627907,678.3653435703667,665.749165770347,-323.7849333139535,0.36623552192705167,0.22959402780911964,108.59797515371359
1259,2,0,0,1,12,646.4353281083884,667.2308050508481,654.6146272508283,-318.2176640541942,0.3588756290203158,0.22417123530459085,106.03299429907148
1260,2,0,0,2,8,676.9658487373315,701.9204210682831,686.7810077082595,-332.48292436866575,0.37263033326118133,0.2379858106338038,112.5672884297892
1261,2,0,0,2,9,691.06547075326,716.0200430842116,700.880629724188,-339.53273537663,0.37970581430590156,0.24534911343350857,116.05013065404955
1262,2,0,0,2,10,694.2525838900386,719.2071562209902,704.0677428609666,-341.1262919450193,0.3799110122526149,0.24705965766883048,116.85921807735681
1263,2,0,0,2,11,659.3959783300677,684.3505506610193,669.2111373009957,-323.69798916503385,0.36587194626970543,0.22951114263560846,108.5587704666428
1264,2,0,0,2,12,610.4706619755832,635.4252343065348,620.2858209465112,-299.2353309877916,0.34612142181240607,0.20653303657841499,97.69012630159028
1265,2,0,0,3,8,632.8352565420471,661.9489242614907,644.2862753414631,-309.41762827102355,0.35680557618265185,0.21564260490993692,101.99895212240017
1266,2,0,0,3,9,688.6902839695954,717.803951689039,700.1413027690114,-337.3451419847977,0.37785335214616145,0.24299402810077272,114.93617529166549
1267,2,0,0,3,10,695.8239978021167,724.9376655215601,707.2750166015326,-340.9119989010583,0.3808904211220607,0.24682325080136885,116.74739762904747
1268,2,0,0,3,11,659.4581342996938,688.5718020191373,670.9091530991097,-322.7290671498469,0.36616617828772824,0.22853951917591833,108.09919257020937
1269,2,0,0,3,12,592.3976395070588,621.5113072265024,603.8486583064748,-289.1988197535294,0.3381454242242741,0.19760683112302843,93.46803112119245
1270,2,0,0,4,8,623.537352237198,656.8101153451335,636.6242308651019,-303.768676118599,0.3547691142062761,0.21043177413882835,99.53422916766581
1271,2,0,0,4,9,647.8598670595554,681.1326301674909,660.9467456874594,-315.9299335297777,0.3597579040269262,0.2215067406637488,104.77268833395318
1272,2,0,0,4,10,693.9835113659087,727.2562744738442,707.0703899938127,-338.99175568295436,0.37869360406242497,0.24471426319557335,115.74984649150619
1273,2,0,0,4,11,659.4397601195637,692.7125232274992,672.5266387474677,-321.7198800597819,0.36554877622797066,0.22754607518670852,107.62929356331313
1274,2,0,0,4,12,588.7439076392134,622.0166707471489,601.8307862671173,-286.3719538196067,0.3366364344482445,0.19514649670136822,92.30429293974717
1275,2,0,1,0,8,698.4383888608057,719.2338658032654,706.6176880032457,-344.21919443040287,0.38408352099646353,0.2503349042858215,118.40840972719357
1276,2,0,1,0,9,698.4383888608057,719.2338658032654,706.6176880032457,-344.21919443040287,0.38408352099646353,0.2503349042858215,118.40840972719357
1277,2,0,1,0,10,698.4383888608057,719.2338658032654,706.6176880032457,-344.21919443040287,0.38408352099646353,0.2503349042858215,118.40840972719357
1278,2,0,1,0,11,698.4383888608057,719.2338658032654,706.6176880032457,-344.21919443040287,0.38408352099646353,0.2503349042858215,118.40840972719357
1279,2,0,1,0,12,698.4383888608057,719.2338658032654,706.6176880032457,-344.21919443040287,0.38408352099646353,0.2503349042858215,118.40840972719357
1280,2,0,1,1,8,1051.1390842296228,1076.0936565605743,1060.9542432005508,-519.5695421148114,0.6012458462755109,1.1201660948886523,529.8385628823326
1281,2,0,1,1,9,699.7108407919334,724.665413122885,709.5259997628614,-343.8554203959667,0.38421794841534096,0.2499162332191189,118.21037831264324
1282,2,0,1,1,10,698.6422498354013,723.5968221663529,708.4574088063293,-343.3211249177007,0.38264283901313906,0.24937091899315378,117.95244468376174
1283,2,0,1,1,11,658.8187013688806,683.7732736998322,668.6338603398086,-323.4093506844403,0.36589048735137963,0.22923113491388752,108.4263268142688
1284,2,0,1,1,12,644.2762777032658,669.2308500342174,654.0914366741938,-316.1381388516329,0.35697765255922226,0.22221849399580307,105.10934766001485
1285,2,0,1,2,8,678.0459747723972,707.1596424918407,689.4969935718132,-332.0229873861986,0.37257574216404504,0.2375299182380253,112.35165132658597
1286,2,0,1,2,9,692.4716933793533,721.5853610987967,703.9227121787692,-339.23584668967663,0.38024495448504264,0.2450211820398665,115.89501910485686
1287,2,0,1,2,10,695.8821351279867,724.9958028474302,707.3331539274027,-340.94106756399333,0.38107805850119963,0.24684312962742977,116.75680031377428
1288,2,0,1,2,11,660.6959168721617,689.8095845916052,672.1469356715777,-323.34795843608083,0.36564734588496217,0.22917029416660067,108.39754914080211
1289,2,0,1,2,12,611.3497860233061,640.4634537427496,622.8008048227221,-298.67489301165307,0.3448989659014941,0.20608226445315522,97.47691108634243
1290,2,0,1,3,8,635.3310359712848,668.6037990792203,648.4179145991887,-309.6655179856424,0.3564812320431869,0.21594173720501791,102.14044169797347
1291,2,0,1,3,9,689.9524260118064,723.2251891197419,703.0393046397104,-336.9762130059032,0.377945128758516,0.2426022602013521,114.75086907523954
1292,2,0,1,3,10,697.0454108961599,730.3181740040953,710.1322895240638,-340.52270544807993,0.38237132104886706,0.24637540100774707,116.53556467666436
1293,2,0,1,3,11,660.786388809998,694.0591519179335,673.873267437902,-322.393194404999,0.36590966126534824,0.228216668765077,107.94648432588143
1294,2,0,1,3,12,595.5561565998943,628.8289197078298,608.6430352277982,-289.77807829994714,0.3383975571353498,0.19817933707744292,93.73882643763051
1295,2,0,1,4,8,626.4306258354766,663.8624843319039,641.1533642918686,-304.2153129177383,0.3541761952060627,0.21089209499733316,99.75196093373859
1296,2,0,1,4,9,648.8327515429479,686.2646100393753,663.5554899993399,-315.41637577147395,0.3585346648065216,0.22108707317472387,104.5741856116444
1297,2,0,1,4,10,694.6228415079722,732.0547000043996,709.3455799643642,-338.3114207539861,0.3789828602606089,0.2439712071949972,115.39838100323368
1298,2,0,1,4,11,660.8099743550431,698.2418328514705,675.5327128114351,-321.40498717752155,0.3653919922351776,0.2272453745577547,107.48706216581797
1299,2,0,1,4,12,592.9204401613614,630.3522986577888,607.6431786177534,-287.4602200806807,0.3376661572214629,0.19632489915723458,92.86167730137196
1300,2,0,2,0,8,683.6182318831437,708.5728042140953,693.4333908540717,-335.80911594157186,0.373745685510342,0.2415510235503029,114.25363413929327
1301,2,0,2,0,9,683.6182318831437,708.5728042140953,693.4333908540717,-335.80911594157186,0.373745685510342,0.2415510235503029,114.25363413929327
1302,2,0,2,0,10,683.6182318831437,708.5728042140953,693.4333908540717,-335.80911594157186,0.373745685510342,0.2415510235503029,114.25363413929327
1303,2,0,2,0,11,683.6182318831437,708.5728042140953,693.4333908540717,-335.80911594157186,0.373745685510342,0.2415510235503029,114.25363413929327
1304,2,0,2,0,12,683.6182318831437,708.5728042140953,693.4333908540717,-335.80911594157186,0.373745685510342,0.2415510235503029,114.25363413929327
1305,2,0,2,1,8,1039.803482249351,1068.9171499687945,1051.254501048767,-512.9017411246755,0.5475070330362248,0.5745990339403892,271.7853430538041
1306,2,0,2,1,9,685.4723927496087,714.5860604690522,696.9234115490246,-335.73619637480436,0.3738370084441763,0.24146941086945903,114.21503134125412
1307,2,0,2,1,10,685.0056586047626,714.1193263242062,696.4566774041787,-335.5028293023813,0.37276529794798574,0.24125525182575924,114.11373411358412
1308,2,0,2,1,11,655.50351128542,684.6171790048636,666.954530084836,-320.75175564271,0.36228277481731525,0.22669514554818088,107.22680384428955
1309,2,0,2,1,12,641.8529696002249,670.9666373196685,653.303988399641,-313.92648480011246,0.35443891498739905,0.22019681149028358,104.15309183490413
1310,2,0,2,2,8,677.1816838519551,710.4544469598906,690.268562479859,-330.59084192597754,0.370211214025659,0.23611875432712867,111.68417079673186
1311,2,0,2,2,9,686.4055037726334,719.6782668805689,699.4923824005374,-335.2027518863167,0.37345016068545567,0.24088261607957645,113.93747740563965
1312,2,0,2,2,10,686.4103998878784,719.6831629958139,699.4972785157823,-335.2051999439392,0.3736268548960398,0.24091818283472663,113.9543004808257
1313,2,0,2,2,11,657.4118824658581,690.6846455737935,670.498761093762,-320.70594123292904,0.3621168782043048,0.22665210093018812,107.20644373997898
1314,2,0,2,2,12,612.2507141076289,645.5234772155644,625.3375927355329,-298.12535705381447,0.34405649983007563,0.20567641590546065,97.28494472328289
1315,2,0,2,3,8,636.4157014638458,673.8475599602732,651.1384399202378,-309.2078507319229,0.3561968190838541,0.2154984710197311,101.93077679233281
1316,2,0,2,3,9,686.4020446835764,723.8339031800037,701.1247831399684,-334.2010223417882,0.3720851853294608,0.23980157005689726,113.4261426369124
1317,2,0,2,3,10,687.0992176534717,724.531076149899,701.8219561098637,-334.54960882673583,0.37223320751870154,0.24025255037052362,113.63945632525767
1318,2,0,2,3,11,658.3479986592108,695.7798571556382,673.0707371156028,-320.1739993296054,0.3621686891151464,0.2261268863506342,106.95801724384997
1319,2,0,2,3,12,596.0852801126916,633.517138609119,610.8080185690836,-289.0426400563458,0.33733219088065786,0.19763769338435083,93.48262897079795
1320,2,0,2,4,8,627.4035734299681,668.9945273148875,643.762171714848,-303.70178671498405,0.35418812692885765,0.21040182050067666,99.52006109682006
1321,2,0,2,4,9,649.6122339656641,691.2031878505835,665.970832250544,-314.80611698283207,0.3575193209811818,0.22051182259802507,104.30209208886586
1322,2,0,2,4,10,688.8314694751552,730.4224233600746,705.1900677600352,-334.4157347375776,0.37107723614100185,0.24008632028309276,113.56082949390287
1323,2,0,2,4,11,659.6315192458862,701.2224731308056,675.9901175307662,-319.8157596229431,0.3621695175463726,0.2257707070983511,106.78954445752007
1324,2,0,2,4,12,593.1264097059551,634.7173635908745,609.485007990835,-286.56320485297755,0.3370931757700313,0.19539124789849033,92.42006025598593
1325,2,0,3,0,8,685.2821746707011,714.3958423901447,696.7331934701172,-335.64108733535056,0.3729772699429681,0.24139629430530027,114.18044720640702
1326,2,0,3,0,9,685.2821746707011,714.3958423901447,696.7331934701172,-335.64108733535056,0.3729772699429681,0.24139629430530027,114.18044720640702
1327,2,0,3,0,10,685.2821746707011,714.3958423901447,696.7331934701172,-335.64108733535056,0.3729772699429681,0.24139629430530027,114.18044720640702
1328,2,0,3,0,11,685.2821746707011,714.3958423901447,696.7331934701172,-335.64108733535056,0.3729772699429681,0.24139629430530027,114.18044720640702
1329,2,0,3,0,12,685.2821746707011,714.3958423901447,696.7331934701172,-335.64108733535056,0.3729772699429681,0.24139629430530027,114.18044720640702
1330,2,0,3,1,8,1024.046274692812,1057.3190378007475,1037.133153320716,-504.02313734640603,0.5360219272552238,0.47772522388291155,225.96403089661717
1331,2,0,3,1,9,686.8281017293875,720.100864837323,699.9149803572915,-335.41405086469376,0.37287328694821814,0.24117587788085135,114.07619023764269
1332,2,0,3,1,10,685.4126054566557,718.6853685645912,698.4994840845596,-334.70630272832784,0.3717819929937504,0.2404492503687725,113.73249542442939
1333,2,0,3,1,11,657.2392327666233,690.5119958745588,670.3261113945273,-320.61961638331167,0.36133552892977866,0.2265248113949857,107.14623578982824
1334,2,0,3,1,12,642.8757948134687,676.1485579214042,655.9626734413727,-313.43789740673435,0.3542081368870497,0.21973369883786786,103.9340395503115
1335,2,0,3,2,8,676.0345664329718,713.4664249293992,690.7573048893638,-329.0172832164859,0.36889643649361886,0.23456277649520224,110.94819328223066
1336,2,0,3,2,9,685.9707587222802,723.4026172187075,700.6934971786721,-333.9853793611401,0.37167890106549434,0.23969031946132463,113.37352110520655
1337,2,0,3,2,10,687.0040193049601,724.4358778013875,701.7267577613521,-334.50200965248007,0.3726970045982164,0.24022756698374584,113.62763918331179
1338,2,0,3,2,11,659.6482193409513,697.0800778373787,674.3709577973433,-320.82410967047565,0.3614848733248359,0.22675795347693,107.2565119945879
1339,2,0,3,2,12,613.6690292134149,651.1008877098423,628.3917676698069,-297.83451460670744,0.34371312445326996,0.20538079718248803,97.14511706731683
1340,2,0,3,3,8,636.980584828628,678.5715387135474,653.3391831135079,-308.490292414314,0.3558275918819039,0.2148820119763515,101.63919166481426
1341,2,0,3,3,9,686.3331547809045,727.9241086658238,702.6917530657844,-333.16657739045223,0.37149389291136437,0.2388266353760071,112.96499853285135
1342,2,0,3,3,10,690.0602600133676,731.651213898287,706.4188582982475,-335.0301300066838,0.37288235291130656,0.24078193542648063,113.88985545672534
1343,2,0,3,3,11,660.7481746843358,702.3391285692552,677.1067729692157,-320.3740873421679,0.36188891061186046,0.22630965139853418,107.04446511150667
1344,2,0,3,3,12,596.9769351155521,638.5678890004715,613.335533400432,-288.48846755777606,0.33697907395166327,0.19709061024629698,93.22385864649847
1345,2,0,3,4,8,628.2654717716522,674.0155210450635,646.2599298850201,-303.1327358858261,0.3535371157189008,0.20997911540513398,99.32012158662837
1346,2,0,3,4,9,648.735207714642,694.4852569880533,666.72966582801,-313.367603857321,0.3559935788182162,0.21921745249079388,103.6898550281455
1347,2,0,3,4,10,690.4238975766355,736.1739468500467,708.4183556900034,-334.2119487883177,0.3707570952684729,0.2399228088840043,113.48348860213403
1348,2,0,3,4,11,661.543468160899,707.2935174343103,679.537926274267,-319.7717340804495,0.36163623709836484,0.22572094422855005,106.76600662010418
1349,2,0,3,4,12,592.9620919713032,638.7121412447144,610.9565500846711,-285.4810459856516,0.33533627752586426,0.1944934144972254,91.99538505718762
1350,2,0,4,0,8,670.7402303562611,704.0129934641966,683.8271089841651,-327.37011517813056,0.36776427188898797,0.2330451633035142,110.23036224256222
1351,2,0,4,0,9,670.7402303562611,704.0129934641966,683.8271089841651,-327.37011517813056,0.36776427188898797,0.2330451633035142,110.23036224256222
1352,2,0,4,0,10,670.7402303562611,704.0129934641966,683.8271089841651,-327.37011517813056,0.36776427188898797,0.2330451633035142,110.23036224256222
1353,2,0,4,0,11,670.7402303562611,704.0129934641966,683.8271089841651,-327.37011517813056,0.36776427188898797,0.2330451633035142,110.23036224256222
1354,2,0,4,0,12,670.7402303562611,704.0129934641966,683.8271089841651,-327.37011517813056,0.36776427188898797,0.2330451633035142,110.23036224256222
1355,2,0,4,1,8,1046.1983306568134,1083.6301891532407,1060.9210691132052,-514.0991653284067,0.5338872154156654,0.47324396745461966,223.8443966060351
1356,2,0,4,1,9,672.8906599419399,710.3225184383673,687.6133983983319,-327.44532997096996,0.36809287544832614,0.2331318073088135,110.27134485706878
1357,2,0,4,1,10,674.0983785637634,711.5302370601908,688.8211170201554,-328.0491892818817,0.3677862531840123,0.23372723438348847,110.55298186339004
1358,2,0,4,1,11,648.7383744398434,686.1702329362707,663.4611128962354,-315.3691872199217,0.3585294154353969,0.22155888156182724,104.79735097874428
1359,2,0,4,1,12,639.7954039712101,677.2272624676375,654.5181424276021,-310.89770198560507,0.35213946472488555,0.21737562622747578,102.81867120559605
1360,2,0,4,2,8,661.3554141508585,702.9463680357778,677.7140124357384,-320.6777070754292,0.36387593383209743,0.2264798481395252,107.12496816999543
1361,2,0,4,2,9,668.2001341200782,709.7910880049976,684.5587324049582,-324.1000670600391,0.362049554949824,0.22987456625744626,108.73066983977208
1362,2,0,4,2,10,673.1526237652046,714.7435776501239,689.5112220500845,-326.5763118826023,0.36720263545980536,0.23227656769690863,109.86681652063778
1363,2,0,4,2,11,651.515238569199,693.1061924541184,667.873836854079,-315.7576192845995,0.35867299539157643,0.22190920446612644,104.9630537124778
1364,2,0,4,2,12,612.5063192664813,654.0972731514007,628.8649175513613,-296.25315963324067,0.3424689344953704,0.2040147899287789,96.49899563631242
1365,2,0,4,3,8,628.9309125717666,674.6809618451779,646.9253706851346,-303.4654562858833,0.3518347470812953,0.2103982624124086,99.51837812106928
1366,2,0,4,3,9,667.0004225712346,712.7504718446459,684.9948806846025,-322.5002112856173,0.36124897442241605,0.22830560627484386,107.98855176800114
1367,2,0,4,3,10,674.9085240534693,720.6585733268805,692.9029821668372,-326.4542620267346,0.36708423548547614,0.23220466243433463,109.83280533144028
1368,2,0,4,3,11,652.0470183732898,697.7970676467011,670.0414764866578,-315.0235091866449,0.3582331822998982,0.22121225139729575,104.63339491092088
1369,2,0,4,3,12,595.939202897785,641.6892521711962,613.9336610111529,-286.9696014488925,0.3341059277033332,0.1958162764800754,92.62109877507567
1370,2,0,4,4,8,620.2753131993654,670.1844578612686,639.9056311412214,-298.1376565996827,0.3497036677537386,0.20565381611597142,97.27425502285448
1371,2,0,4,4,9,638.3632281571506,688.2723728190538,657.9935460990066,-307.1816140785753,0.34988262400454234,0.2135691255771744,101.01819639800348
1372,2,0,4,4,10,676.0049809459192,725.9141256078224,695.6352988877752,-326.0024904729596,0.3674085223023738,0.23174586446300713,109.61579389100237
1373,2,0,4,4,11,652.9181697838317,702.8273144457348,672.5484877256877,-314.45908489191584,0.35823504127063643,0.22068210341313355,104.38263491441217
1374,2,0,4,4,12,592.0732157816103,641.9823604435135,611.7035337234663,-284.03660789080516,0.33320245576599755,0.1932794844912816,91.4211961643762
1375,2,1,0,0,8,726.0571346289646,742.6850505713069,732.5978244916055,-359.0285673144823,0.43701038016339616,1.0067454087072467,476.1905783185277
1376,2,1,0,0,9,726.0571346289646,742.6850505713069,732.5978244916055,-359.0285673144823,0.43701038016339616,1.0067454087072467,476.1905783185277
1377,2,1,0,0,10,726.0571346289646,742.6850505713069,732.5978244916055,-359.0285673144823,0.43701038016339616,1.0067454087072467,476.1905783185277
1378,2,1,0,0,11,726.0571346289646,742.6850505713069,732.5978244916055,-359.0285673144823,0.43701038016339616,1.0067454087072467,476.1905783185277
1379,2,1,0,0,12,726.0571346289646,742.6850505713069,732.5978244916055,-359.0285673144823,0.43701038016339616,1.0067454087072467,476.1905783185277
1380,2,1,0,1,8,719.3538891343485,740.1387840622763,727.5297514626496,-354.67694456717425,0.43399396804446766,1.0018282130055427,473.86474475162174
1381,2,1,0,1,9,725.0443031743553,745.829198102283,733.2201655026564,-357.52215158717763,0.43586968370536044,1.0050417757120444,475.384759911797
1382,2,1,0,1,10,728.0098927848278,748.7947877127556,736.185755113129,-359.0049463924139,0.43694337357301244,1.0067176487612275,476.1774478640606
1383,2,1,0,1,11,696.4573224371595,717.2422173650873,704.6331847654607,-343.22866121857976,0.42418545109622763,0.9892862534077206,467.9323978618518
1384,2,1,0,1,12,678.9069273701812,699.691822298109,687.0827896984823,-334.4534636850906,0.4154620248447952,0.9800614186696512,463.569051030745
1385,2,1,0,2,8,695.2714800629522,720.2133539764654,705.0825148569135,-341.6357400314761,0.4231583919380651,0.987438036176149,467.0581911113185
1386,2,1,0,2,9,715.7809498106706,740.7228237241839,725.5919846046319,-351.8904749053353,0.4326117632813487,0.9986288680593424,472.35145459206893
1387,2,1,0,2,10,723.0873824947878,748.0292564083011,732.8984172887491,-355.5436912473939,0.4365862738650748,1.0027594151902606,474.3052033849932
1388,2,1,0,2,11,698.4568608518123,723.3987347653256,708.2678956457736,-343.22843042590614,0.4241839380671187,0.9892858313166746,467.93219821278706
1389,2,1,0,2,12,641.5985044207374,666.5403783342507,651.4095392146987,-314.7992522103687,0.39869084730910465,0.9604279945877716,454.282441440016
1390,2,1,0,3,8,653.4977873153426,682.5966402144415,664.9439945749642,-319.7488936576713,0.4051230024943928,0.9651089028275266,456.4965110374201
1391,2,1,0,3,9,709.3504193268561,738.449272225955,720.7966265864777,-347.67520966342806,0.42923929456297,0.9939322956505959,470.1299758427319
1392,2,1,0,3,10,723.6700951967179,752.7689480958168,735.1163024563394,-354.8350475983589,0.43714574166701003,1.001919125387253,473.9077463081707
1393,2,1,0,3,11,696.6828097201404,725.7816626192393,708.129016979762,-341.3414048600702,0.4241741737557025,0.987212418931013,466.9514741543691
1394,2,1,0,3,12,620.2794081531845,649.3782610522834,631.7256154128061,-303.13970407659224,0.38829502353049017,0.9495200571924673,449.12298705203705
1395,2,1,0,4,8,641.3969499733371,674.6527818580215,654.4783296986188,-312.69847498666854,0.4012733192300867,0.9582905605944473,453.27143516117354
1396,2,1,0,4,9,668.7050159776248,701.9608478623093,681.7863957029066,-326.3525079888124,0.41097853537678625,0.9714172990538567,459.4803824524742
1397,2,1,0,4,10,717.8322643651476,751.088096249832,730.9136440904293,-350.9161321825738,0.43293512492755276,0.9974052753128886,471.7726952229963
1398,2,1,0,4,11,695.2975021651871,728.5533340498715,708.3788818904688,-339.64875108259355,0.4234250934708135,0.9853584901384036,466.0745658354649
1399,2,1,0,4,12,615.5327037722031,648.7885356568876,628.6140834974849,-299.7663518861016,0.38582845575888636,0.9465067559106844,447.69769554575373
1400,2,1,1,0,8,727.0164033309549,747.8012982588826,735.192265659256,-358.50820166547743,0.43668110236260627,1.0061510172470602,475.90943115785944
1401,2,1,1,0,9,727.0164033309549,747.8012982588826,735.192265659256,-358.50820166547743,0.43668110236260627,1.0061510172470602,475.90943115785944
1402,2,1,1,0,10,727.0164033309549,747.8012982588826,735.192265659256,-358.50820166547743,0.43668110236260627,1.0061510172470602,475.90943115785944
1403,2,1,1,0,11,727.0164033309549,747.8012982588826,735.192265659256,-358.50820166547743,0.43668110236260627,1.0061510172470602,475.90943115785944
1404,2,1,1,0,12,727.0164033309549,747.8012982588826,735.192265659256,-358.50820166547743,0.43668110236260627,1.0061510172470602,475.90943115785944
1405,2,1,1,1,8,720.6587076651398,745.6005815786531,730.4697424591011,-354.3293538325699,0.43364924451367753,1.0014383597357155,473.68034415499346
1406,2,1,1,1,9,726.1441859246827,751.086059838196,735.955220718644,-357.07209296234134,0.43569258129440724,1.0045292736341502,475.14234642895303
1407,2,1,1,1,10,728.9409727022442,753.8828466157574,738.7520074962055,-358.4704863511221,0.4365060601103017,1.006105765797199,475.88802722207515
1408,2,1,1,1,11,698.3244960389318,723.2663699524451,708.1355308328931,-343.1622480194659,0.4241320254198723,0.9892179624274675,467.9000962281921
1409,2,1,1,1,12,680.5416277539333,705.4835016674466,690.3526625478946,-334.27081387696666,0.41533119916068967,0.9798718356232475,463.47937824979607
1410,2,1,1,2,8,697.2072672201539,726.3061201192528,708.6534744797755,-341.60363361007694,0.42308361332748673,0.9874087346903776,467.0443315085486
1411,2,1,1,2,9,716.9781158567673,746.0769687558662,728.4243231163889,-351.48905792838366,0.43199761518898844,0.9981889128336005,472.143355770293
1412,2,1,1,2,10,724.333019641284,753.4318725403829,735.7792269009055,-355.166509820642,0.43642501538724965,1.0023363110022276,474.10507510405364
1413,2,1,1,2,11,700.3241759084933,729.4230288075922,711.7703831681149,-343.16208795424666,0.424132263497338,0.9892183305898363,467.9002703689926
1414,2,1,1,2,12,609.4866729802031,638.585525879302,620.9328802398247,-297.74333649010157,0.38746369480986625,0.9448039821979392,446.8922835796252
1415,2,1,1,3,8,629.7832729712801,663.0391048559645,642.8646526965618,-306.89163648564005,0.3992903643091281,0.9528802307264551,450.71234913361326
1416,2,1,1,3,9,711.0590512149593,744.3148830996437,724.140430940241,-347.5295256074796,0.42875201481062314,0.9937805121485186,470.0581822462493
1417,2,1,1,3,10,724.9000936546323,758.1559255393167,737.9814733799141,-354.45004682731616,0.43685425176979786,1.0014891738299196,473.704379221552
1418,2,1,1,3,11,650.3849730113121,683.6408048959966,663.4663527365939,-317.19248650565606,0.40612494005166766,0.9627437026796114,455.3777713674562
1419,2,1,1,3,12,595.8542843668308,629.1101162515153,608.9356640921126,-289.9271421834154,0.3802379120021888,0.9377388166339612,443.5504602678636
1420,2,1,1,4,8,616.0900267805819,653.5028376508519,630.8065789715239,-299.04501339029093,0.39637945516085754,0.9457897001209201,447.3585281571952
1421,2,1,1,4,9,645.1382570635144,682.5510679337845,659.8548092544564,-313.5691285317572,0.40323061529018545,0.9590176001959027,453.61532489266193
1422,2,1,1,4,10,719.347519615272,756.760330485542,734.064071806214,-350.673759807636,0.432681341440913,0.997148363576475,471.65117597167267
1423,2,1,1,4,11,648.0545342085825,685.4673450788525,662.7710863995245,-315.02726710429124,0.40354254301129744,0.960648370076868,454.38667904635855
1424,2,1,1,4,12,591.9834937825033,629.3963046527733,606.7000459734453,-286.99174689125164,0.3764333183111409,0.935169929033085,442.33537643264924
1425,2,1,2,0,8,705.6227901270754,730.5646640405887,715.4338249210367,-346.8113950635377,0.4253878373314428,0.9930073804918682,469.6924909726537
1426,2,1,2,0,9,705.6227901270754,730.5646640405887,715.4338249210367,-346.8113950635377,0.4253878373314428,0.9930073804918682,469.6924909726537
1427,2,1,2,0,10,705.6227901270754,730.5646640405887,715.4338249210367,-346.8113950635377,0.4253878373314428,0.9930073804918682,469.6924909726537
1428,2,1,2,0,11,705.6227901270754,730.5646640405887,715.4338249210367,-346.8113950635377,0.4253878373314428,0.9930073804918682,469.6924909726537
1429,2,1,2,0,12,705.6227901270754,730.5646640405887,715.4338249210367,-346.8113950635377,0.4253878373314428,0.9930073804918682,469.6924909726537
1430,2,1,2,1,8,710.5937765366177,739.6926294357166,722.0399837962393,-348.29688826830886,0.43017056496980766,0.9944306414783581,470.3656934192634
1431,2,1,2,1,9,719.9155904383813,749.0144433374802,731.3617976980029,-352.95779521919064,0.4331199785110861,0.9998571553447865,472.932434478084
1432,2,1,2,1,10,706.3735310176476,735.4723839167465,717.8197382772692,-346.1867655088238,0.42385523509758954,0.9923402626554922,469.37694423604785
1433,2,1,2,1,11,650.5594594225698,679.6583123216687,662.0056666821914,-318.2797297112849,0.40533002957335074,0.9638558319235854,455.90380849985587
1434,2,1,2,1,12,647.598237770306,676.6970906694049,659.0444450299276,-316.799118885153,0.4039801526805044,0.9623750413520432,455.2033945595164
1435,2,1,2,2,8,665.6002314961598,698.8560633808443,678.6816112214416,-324.8001157480799,0.4139321681699431,0.9699979727814704,458.8090411256355
1436,2,1,2,2,9,678.6586055959914,711.9144374806758,691.7399853212731,-331.3293027979957,0.42056466567594725,0.9766067838872883,461.93500877868735
1437,2,1,2,2,10,705.146640074934,738.4024719596184,718.2280198002157,-344.573320037467,0.42232476739476515,0.9906569025039098,468.58071488434933
1438,2,1,2,2,11,653.0926283548313,686.3484602395157,666.174008080113,-318.54631417741564,0.4065719605877113,0.9641025093488573,456.0204869220095
1439,2,1,2,2,12,619.4403587292877,652.6961906139721,632.5217384545695,-301.72017936464385,0.39500559910101096,0.9483275866986184,448.5589485084465
1440,2,1,2,3,8,629.9699011294382,667.3827119997081,644.6864533203802,-305.9849505647191,0.3988784999704044,0.9521352678889917,450.3599817114931
1441,2,1,2,3,9,674.0103763179509,711.4231871882209,688.7269285088929,-328.00518815897544,0.41744845059996943,0.9732571386859683,460.350626598463
1442,2,1,2,3,10,703.0083638090962,740.4211746793662,717.7249160000382,-342.5041819045481,0.41997424086611795,0.9883350144849921,467.48246185140124
1443,2,1,2,3,11,651.1605177153149,688.5733285855849,665.8770699062569,-316.58025885765744,0.40554538153698094,0.9621867759216488,455.11434501093987
1444,2,1,2,3,12,602.2480340702423,639.6608449405123,616.9645862611843,-292.12401703512114,0.37998415257702967,0.9399474879979235,444.5951618230178
1445,2,1,2,4,8,619.4003427948237,660.9701326506793,635.7520674514259,-299.70017139741185,0.3961296656269857,0.9462672305782454,447.58440006351003
1446,2,1,2,4,9,646.587285953327,688.1570758091825,662.9390106099291,-313.2936429766635,0.39969396146948233,0.9589509709427276,453.5838092559102
1447,2,1,2,4,10,676.558621698751,718.1284115546066,692.9103463553532,-328.2793108493755,0.4183948999813398,0.9734823670292008,460.457159604812
1448,2,1,2,4,11,648.6026102491978,690.1724001050534,664.9543349058,-314.3013051245989,0.4033703054443623,0.9599975661566984,454.0788487921183
1449,2,1,2,4,12,599.6302689022382,641.2000587580937,615.9819935588404,-289.8151344511191,0.3768099894827215,0.9381494441048401,443.7446870615894
1450,2,1,3,0,8,663.5175490220556,692.6164019211545,674.9637562816772,-324.7587745110278,0.4125117529779133,0.9701021126276206,458.85829927286454
1451,2,1,3,0,9,663.5175490220556,692.6164019211545,674.9637562816772,-324.7587745110278,0.4125117529779133,0.9701021126276206,458.85829927286454
1452,2,1,3,0,10,663.5175490220556,692.6164019211545,674.9637562816772,-324.7587745110278,0.4125117529779133,0.9701021126276206,458.85829927286454
1453,2,1,3,0,11,663.5175490220556,692.6164019211545,674.9637562816772,-324.7587745110278,0.4125117529779133,0.9701021126276206,458.85829927286454
1454,2,1,3,0,12,663.5175490220556,692.6164019211545,674.9637562816772,-324.7587745110278,0.4125117529779133,0.9701021126276206,458.85829927286454
1455,2,1,3,1,8,665.7177607050696,698.973592589754,678.7991404303514,-324.8588803525348,0.41249837134566697,0.9701957703126769,458.9025993578962
1456,2,1,3,1,9,666.4111417676361,699.6669736523205,679.4925214929178,-325.20557088381804,0.41252370645364217,0.9705586907766758,459.07426073736764
1457,2,1,3,1,10,665.6292418664545,698.885073751139,678.7106215917363,-324.8146209332273,0.41222838386089466,0.9701665145244847,458.8887613700812
1458,2,1,3,1,11,651.8103231552991,685.0661550399835,664.8917028805809,-317.90516157764955,0.4052258819683193,0.9635029824825316,455.73691071423747
1459,2,1,3,1,12,643.1148197723237,676.3706516570081,656.1961994976054,-313.55740988616185,0.3981057314379477,0.95935800039713,453.7763341878425
1460,2,1,3,2,8,611.123163793686,648.535974663956,625.839715984628,-296.561581896843,0.384113891083953,0.944449071869355,446.7244109942049
1461,2,1,3,2,9,667.1722424122127,704.5850532824827,681.8887946031547,-324.5861212061063,0.4109475683706395,0.9697940115671121,458.71256747124403
1462,2,1,3,2,10,679.3665203536872,716.7793312239571,694.0830725446292,-330.6832601768436,0.41855498904938865,0.976001187765969,461.64856181330333
1463,2,1,3,2,11,653.6564325643601,691.0692434346302,668.3729847553021,-317.82821628218005,0.4053298721828578,0.9634192911888227,455.6973247323132
1464,2,1,3,2,12,616.6243884189278,654.0371992891978,631.3409406098698,-299.3121942094639,0.38707166249703534,0.9462238577654271,447.563884723047
1465,2,1,3,3,8,630.6422427084794,672.212032564335,646.9939673650816,-305.3211213542397,0.3978749209948337,0.9515360790514344,450.0765653913285
1466,2,1,3,3,9,657.2772531584005,698.8470430142561,673.6289778150027,-318.63862657920026,0.4019429067296792,0.964172380797548,456.0535361172402
1467,2,1,3,3,10,680.6154552157899,722.1852450716455,696.9671798723921,-330.30772760789495,0.41963742155704087,0.9756062697433387,461.46176558859923
1468,2,1,3,3,11,652.8688383040883,694.4386281599438,669.2205629606905,-316.43441915204414,0.4057297647083946,0.9620636157036279,455.05609022781596
1469,2,1,3,3,12,600.3333424930613,641.9031323489169,616.6850671496635,-290.16667124653065,0.37965087894163707,0.9381043267833686,443.7233465685334
1470,2,1,3,4,8,618.537447588694,664.2642164301351,636.5243447109565,-298.268723794347,0.3952112605424343,0.9450967809913918,447.0307774089283
1471,2,1,3,4,9,642.1699870975402,687.8967559389813,660.1568842198027,-310.0849935487701,0.39636144355982367,0.9558888343940768,452.1354186683983
1472,2,1,3,4,10,677.3907095372011,723.1174783786422,695.3776066594636,-327.69535476860057,0.41655327774603784,0.972892404493132,460.1781073252514
1473,2,1,3,4,11,652.0966355749977,697.8234044164387,670.0835326972601,-315.04831778749883,0.40320502580785444,0.9606535328559503,454.3891210408645
1474,2,1,3,4,12,596.9719298040726,642.6986986455137,614.9588269263351,-287.4859649020363,0.3783583516080713,0.9356144795036966,442.5456488052485
1475,2,1,4,0,8,700.7291682194052,733.9850001040896,713.810547944687,-342.3645841097026,0.4248731244097379,0.9870344169152505,466.8672792009135
1476,2,1,4,0,9,700.7291682194052,733.9850001040896,713.810547944687,-342.3645841097026,0.4248731244097379,0.9870344169152505,466.8672792009135
1477,2,1,4,0,10,700.7291682194052,733.9850001040896,713.810547944687,-342.3645841097026,0.4248731244097379,0.9870344169152505,466.8672792009135
1478,2,1,4,0,11,700.7291682194052,733.9850001040896,713.810547944687,-342.3645841097026,0.4248731244097379,0.9870344169152505,466.8672792009135
1479,2,1,4,0,12,700.7291682194052,733.9850001040896,713.810547944687,-342.3645841097026,0.4248731244097379,0.9870344169152505,466.8672792009135
1480,2,1,4,1,8,708.3020765310301,745.7148874013001,723.0186287219722,-345.15103826551507,0.43070851776462715,0.9910153509960911,468.75026102115106
1481,2,1,4,1,9,717.4482278298981,754.8610387001681,732.1647800208401,-349.72411391494904,0.4285931537815319,0.9961629580602863,471.1850791625154
1482,2,1,4,1,10,721.220277922203,758.633088792473,735.936830113145,-351.6101389611015,0.4314337156059001,0.9982191425549901,472.15765442851034
1483,2,1,4,1,11,693.1384317536324,730.5512426239025,707.8549839445744,-337.5692158768162,0.4205463743263358,0.9831376907531131,465.0241277262225
1484,2,1,4,1,12,627.5975562981384,665.0103671684085,642.3141084890805,-304.7987781490692,0.3921753018007327,0.9513138530188211,449.9714524779024
1485,2,1,4,2,8,693.4698408993421,735.0396307551977,709.8215655559443,-336.73492044967105,0.41946839677903697,0.9820857248840537,464.5265478701574
1486,2,1,4,2,9,713.8046431628844,755.37443301874,730.1563678194866,-346.9023215814422,0.42885662867396007,0.9929828205626338,469.6808741261258
1487,2,1,4,2,10,715.2704851533604,756.8402750092159,731.6222098099626,-347.6352425766802,0.4291367926150195,0.9938500373219853,470.09106765329904
1488,2,1,4,2,11,697.1722966129288,738.7420864687844,713.524021269531,-338.5861483064644,0.42037099572753484,0.9842850304360843,465.5668193962679
1489,2,1,4,2,12,638.2966437992587,679.8664336551143,654.6483684558609,-309.14832189962937,0.39441021605399906,0.9550823212544783,451.7539379533683
1490,2,1,4,3,8,657.0348031569113,702.7615719983523,675.0217002791737,-317.51740157845563,0.4043222025047186,0.9628202268191981,455.4139672854807
1491,2,1,4,3,9,708.3458219772392,754.0725908186803,726.3327190995017,-343.1729109886196,0.4265478834893279,0.9889557471314531,467.7760683931773
1492,2,1,4,3,10,720.7270989365804,766.4538677780215,738.7139960588429,-349.3635494682902,0.4318414343554215,0.9956301394628976,470.93305596595053
1493,2,1,4,3,11,697.7141978969767,743.4409667384177,715.7010950192391,-337.85709894848833,0.42081243735132645,0.9834044855769336,465.1503216778896
1494,2,1,4,3,12,618.6129976228456,664.3397664642866,636.599894745108,-298.3064988114228,0.3851562923773079,0.9448567817440128,446.917257764918
1495,2,1,4,4,8,644.2519667497461,694.1357145767728,663.8740363376687,-310.12598337487304,0.39998363418985894,0.9557377421612867,452.06395204228863
1496,2,1,4,4,9,670.5060827191539,720.3898305461806,690.1281523070766,-323.25304135957697,0.4094929661195777,0.9682150246472102,457.96570665813044
1497,2,1,4,4,10,716.881167712932,766.7649155399587,736.5032373008546,-346.440583856466,0.42899215982657324,0.9923536611140825,469.38328170696104
1498,2,1,4,4,11,694.897209103897,744.7809569309237,714.5192786918196,-335.4486045519485,0.421279583472871,0.980869692767433,463.9513646789958
1499,2,1,4,4,12,615.6332446333072,665.5169924603339,635.2553142212298,-295.8166223166536,0.3839752154146689,0.9430107448062244,446.0440822933441
1500,2,2,0,0,8,869.8276718975558,886.4471042736214,876.3656055293253,-430.9138359487779,0.5196708937026597,1.3034748364490463,616.5435976403988
1501,2,2,0,0,9,869.8276718975558,886.4471042736214,876.3656055293253,-430.9138359487779,0.5196708937026597,1.3034748364490463,616.5435976403988
1502,2,2,0,0,10,869.8276718975558,886.4471042736214,876.3656055293253,-430.9138359487779,0.5196708937026597,1.3034748364490463,616.5435976403988
1503,2,2,0,0,11,869.8276718975558,886.4471042736214,876.3656055293253,-430.9138359487779,0.5196708937026597,1.3034748364490463,616.5435976403988
1504,2,2,0,0,12,869.8276718975558,886.4471042736214,876.3656055293253,-430.9138359487779,0.5196708937026597,1.3034748364490463,616.5435976403988
1505,2,2,0,1,8,865.938407743787,886.7126982138691,874.110824783499,-427.9692038718935,0.518513790749782,1.2989430999006546,614.4000862530096
1506,2,2,0,1,9,865.3071254012106,886.0814158712926,873.4795424409225,-427.6535627006053,0.5162391267588945,1.2984544645056781,614.1689617111857
1507,2,2,0,1,10,870.4777030497089,891.251993519791,878.6501200894209,-430.23885152485445,0.517991609541444,1.3024324463932504,616.0505471440074
1508,2,2,0,1,11,851.0090868345305,871.7833773046126,859.1815038742425,-420.50454341726527,0.511141429013435,1.2876200240540585,609.0442713775697
1509,2,2,0,1,12,835.9060795701637,856.6803700402457,844.0784966098756,-412.95303978508184,0.49782087897935756,1.2764807042711737,603.7753731202652
1510,2,2,0,2,8,848.1620725356257,873.0912210997242,857.9689729832801,-418.08103626781286,0.5098534493440345,1.2839676233936383,607.316685865191
1511,2,2,0,2,9,866.3352190044886,891.2643675685871,876.142119452143,-427.1676095022443,0.5158922213540221,1.2977059978890437,613.8149370015177
1512,2,2,0,2,10,867.3544433320417,892.2835918961401,877.161343779696,-427.67722166602084,0.5179748162349523,1.298457610930291,614.1704499700277
1513,2,2,0,2,11,852.6616867908804,877.5908353549788,862.4685872385347,-420.3308433954402,0.5114116428974792,1.287359448011086,608.9210189092437
1514,2,2,0,2,12,806.1386074283804,831.0677559924789,815.9455078760348,-397.0693037141902,0.4829176985841313,1.2540879287392144,593.1835902936484
1515,2,2,0,3,8,814.2271755079598,843.3111821660748,825.6685593635565,-400.1135877539799,0.4903674577392012,1.2583172567358443,595.1840624360543
1516,2,2,0,3,9,857.0846449785201,886.1686516366351,868.5260288341168,-421.5423224892601,0.503824290463195,1.2890653966193255,609.727932600941
1517,2,2,0,3,10,868.1839539841296,897.2679606422446,879.6253378397263,-427.0919769920648,0.5153140438114631,1.297552572320721,613.7423667077011
1518,2,2,0,3,11,848.7412933798516,877.8253000379666,860.1826772354483,-417.3706466899258,0.5072692183746552,1.2828785073901086,606.8015339955214
1519,2,2,0,3,12,790.4327951441235,819.5168018022384,801.8741789997201,-388.21639757206174,0.4750302955542826,1.242109450640381,587.5177701529002
1520,2,2,0,4,8,804.6818772500308,837.9207420021621,817.7577445135698,-394.3409386250154,0.4863347047540474,1.2504481490576107,591.4619745042498
1521,2,2,0,4,9,827.1827830166822,860.4216477688135,840.2586502802212,-405.5913915083411,0.48687556862377057,1.2655439566808808,598.6022915100566
1522,2,2,0,4,10,867.26581963321,900.5046843853413,880.341686896749,-425.632909816605,0.5113583666381215,1.2952783529616942,612.6666609508814
1523,2,2,0,4,11,850.3337113734835,883.5725761256149,863.4095786370226,-417.16685568674177,0.5076172603308569,1.2825771262555814,606.65898071889
1524,2,2,0,4,12,787.0173393659693,820.2562041181006,800.0932066295084,-385.50866968298465,0.4742694567547314,1.2385320317534683,585.8256510193905
1525,2,2,1,0,8,733.5637708855076,754.3380613555896,741.7361879252195,-361.7818854427538,0.4600572069218961,1.2107524225385558,572.6858958607369
1526,2,2,1,0,9,733.5637708855076,754.3380613555896,741.7361879252195,-361.7818854427538,0.4600572069218961,1.2107524225385558,572.6858958607369
1527,2,2,1,0,10,733.5637708855076,754.3380613555896,741.7361879252195,-361.7818854427538,0.4600572069218961,1.2107524225385558,572.6858958607369
1528,2,2,1,0,11,733.5637708855076,754.3380613555896,741.7361879252195,-361.7818854427538,0.4600572069218961,1.2107524225385558,572.6858958607369
1529,2,2,1,0,12,733.5637708855076,754.3380613555896,741.7361879252195,-361.7818854427538,0.4600572069218961,1.2107524225385558,572.6858958607369
1530,2,2,1,1,8,727.4047020398467,752.3338506039452,737.2116024875011,-357.70235101992336,0.4571239521876231,1.2060140994076338,570.4446690198108
1531,2,2,1,1,9,732.7061448940868,757.6352934581853,742.5130453417412,-360.3530724470434,0.4589574884649042,1.2090770290455,571.8934347385215
1532,2,2,1,1,10,735.6277869655866,760.556935529685,745.4346874132409,-361.8138934827933,0.4600701969191391,1.210796809653735,572.7068909662166
1533,2,2,1,1,11,703.7698192271256,728.698967791224,713.57671967478,-345.8849096135628,0.44752473538174714,1.193026654922634,564.3016077784059
1534,2,2,1,1,12,686.1503034838265,711.079452047925,695.9572039314809,-337.07515174191326,0.4386359753827776,1.1836799540905067,559.8806182848097
1535,2,2,1,2,8,704.0796667057417,733.1636733638567,715.5210505613384,-345.03983335287086,0.44701167670040803,1.1919530028953498,563.7937703695004
1536,2,2,1,2,9,727.0402339694106,756.1242406275255,738.4816178250072,-356.5201169847053,0.4562286904032879,1.2046805391679094,569.8138950264212
1537,2,2,1,2,10,731.5444498392228,760.6284564973378,742.9858336948195,-358.7722249196114,0.46052804201110636,1.2072482259046078,571.0284108528795
1538,2,2,1,2,11,706.4643547667383,735.5483614248533,717.905738622335,-346.23217738336916,0.4471240216743277,1.193367756820287,564.4629489759957
1539,2,2,1,2,12,648.4692634088237,677.5532700669387,659.9106472644204,-317.23463170441187,0.4215236539394848,1.1637943233925248,550.4747149646643
1540,2,2,1,3,8,662.5429922666868,695.7818570188182,675.6188595302259,-323.2714961333434,0.4288067889694788,1.1695942464644085,553.2180785776652
1541,2,2,1,3,9,718.1545183946316,751.393383146763,731.2303856581707,-351.0772591973158,0.4527013964654919,1.1986082155862963,566.9416859723182
1542,2,2,1,3,10,732.2097996396508,765.4486643917821,745.2856669031898,-358.1048998198254,0.4600973325990583,1.206493816884088,570.6715753861736
1543,2,2,1,3,11,704.1486405498484,737.3875053019798,717.2245078133875,-344.0743202749242,0.4470860026199242,1.1910621066538623,563.3723764472768
1544,2,2,1,3,12,631.7452293076753,664.9840940598067,644.8210965712144,-307.8726146538377,0.4123173383054396,1.1542478780160075,545.9592463015715
1545,2,2,1,4,8,651.5822177494915,688.9759405956393,666.292568420973,-316.79110887474576,0.4251753044643435,1.1631202857611769,550.1558951650367
1546,2,2,1,4,9,682.2874805361864,719.6812033823342,696.9978312076679,-332.1437402680932,0.43518232155997,1.1779696280024667,557.1796340451667
1547,2,2,1,4,10,727.8803110101418,765.2740338562895,742.5906616816233,-354.9401555050709,0.4563160183824651,1.2028189641680456,568.9333700514856
1548,2,2,1,4,11,703.39296821269,740.7866910588377,718.1033188841715,-342.696484106345,0.44644129449505876,1.1895911502459247,562.6766140663224
1549,2,2,1,4,12,623.7145001686708,661.1082230148186,638.4248508401523,-302.8572500843354,0.4091311052453818,1.150033198956083,543.9657031062272
1550,2,2,2,0,8,737.8061178716864,762.7352664357849,747.6130183193408,-362.9030589358432,0.46208393066189996,1.2119884005116845,573.2705134420268
1551,2,2,2,0,9,737.8061178716864,762.7352664357849,747.6130183193408,-362.9030589358432,0.46208393066189996,1.2119884005116845,573.2705134420268
1552,2,2,2,0,10,737.8061178716864,762.7352664357849,747.6130183193408,-362.9030589358432,0.46208393066189996,1.2119884005116845,573.2705134420268
1553,2,2,2,0,11,737.8061178716864,762.7352664357849,747.6130183193408,-362.9030589358432,0.46208393066189996,1.2119884005116845,573.2705134420268
1554,2,2,2,0,12,737.8061178716864,762.7352664357849,747.6130183193408,-362.9030589358432,0.46208393066189996,1.2119884005116845,573.2705134420268
1555,2,2,2,1,8,731.0487795321367,760.1327861902516,742.4901633877333,-358.52438976606834,0.4583706498818795,1.2068860492513354,570.8571012958816
1556,2,2,2,1,9,737.9630660209754,767.0470726790903,749.404449876572,-361.9815330104877,0.46149099091443857,1.2108875714076275,572.7498212758078
1557,2,2,2,1,10,740.339619163946,769.423625822061,751.7810030195427,-363.169809581973,0.46160342856274855,1.212304056988106,573.4198189553741
1558,2,2,2,1,11,706.5285625987058,735.6125692568207,717.9699464543024,-346.2642812993529,0.4483304060022381,1.193424004359615,564.4895540620979
1559,2,2,2,1,12,685.8285585024245,714.9125651605394,697.2699423580211,-335.91427925121224,0.4390162800842078,1.1824747119037853,559.3105387304904
1560,2,2,2,2,8,705.3000357539889,738.5389005061203,718.375903017528,-344.65001787699447,0.446502282689466,1.1914826795156879,563.5713074109203
1561,2,2,2,2,9,727.5226625649109,760.7615273170422,740.59852982845,-355.76133128245544,0.45782493404861835,1.20378636070777,569.3909486147752
1562,2,2,2,2,10,735.8813976881129,769.1202624402442,748.957264951652,-359.94069884405644,0.4617965696261463,1.2085208075811078,571.630341985864
1563,2,2,2,2,11,707.6255777173444,740.8644424694758,720.7014449808835,-345.8127888586722,0.4476725988923338,1.1929504455430529,564.265560741864
1564,2,2,2,2,12,644.7403391590302,677.9792039111616,657.8162064225693,-314.3701695795151,0.41899593667392826,1.1611125176022814,549.2062208258791
1565,2,2,2,3,8,665.3042933206715,702.6980161668192,680.014643992153,-323.65214666033575,0.4282199104758319,1.1699294890572327,553.3766483240711
1566,2,2,2,3,9,719.924499539427,757.3182223855747,734.6348502109084,-350.9622497697135,0.45330444898438677,1.1984475561089942,566.8656940395542
1567,2,2,2,3,10,734.6642651832555,772.0579880294032,749.3746158547369,-358.3321325916277,0.4611264794119813,1.2067022943633259,570.7701852338531
1568,2,2,2,3,11,706.2394603454518,743.6331831915995,720.9498110169333,-344.1197301727259,0.44697525882947964,1.1911103055518346,563.3951745260177
1569,2,2,2,3,12,625.1404592231358,662.5341820692836,639.8508098946173,-303.5702296115679,0.41034299598720736,1.1508830113036845,544.3676643466428
1570,2,2,2,4,8,652.8383662669339,694.386947207098,669.1832003463578,-316.41918313346696,0.4246468582454795,1.1629720079666668,550.0857597682334
1571,2,2,2,4,9,676.6788421925443,718.2274231327084,693.0236762719682,-328.33942109627213,0.4332139850001152,1.1743136384145132,555.4503509700647
1572,2,2,2,4,10,728.5964779696933,770.1450589098574,744.9413120491172,-354.29823898484665,0.4564335227872224,1.2021360707964361,568.6103614867143
1573,2,2,2,4,11,705.1044869530785,746.6530678932427,721.4493210325024,-342.5522434765393,0.44687161369272965,1.18942524492975,562.5981408517717
1574,2,2,2,4,12,623.7147595489292,665.2633404890934,640.0595936283531,-301.8573797744646,0.4091406360794867,1.1493391835946578,543.6374338402732
1575,2,2,3,0,8,739.1971454455494,768.2811521036643,750.638529301146,-362.5985727227747,0.4616555648846802,1.2116564066433366,573.1134803422982
1576,2,2,3,0,9,739.1971454455494,768.2811521036643,750.638529301146,-362.5985727227747,0.4616555648846802,1.2116564066433366,573.1134803422982
1577,2,2,3,0,10,739.1971454455494,768.2811521036643,750.638529301146,-362.5985727227747,0.4616555648846802,1.2116564066433366,573.1134803422982
1578,2,2,3,0,11,739.1971454455494,768.2811521036643,750.638529301146,-362.5985727227747,0.4616555648846802,1.2116564066433366,573.1134803422982
1579,2,2,3,0,12,739.1971454455494,768.2811521036643,750.638529301146,-362.5985727227747,0.4616555648846802,1.2116564066433366,573.1134803422982
1580,2,2,3,1,8,725.0640308659229,758.3028956180542,738.1398981294619,-354.53201543296143,0.45533924178683655,1.2024060738541578,568.7380729330166
1581,2,2,3,1,9,734.6970889039792,767.9359536561105,747.7729561675183,-359.3485444519896,0.45972205675106537,1.2078761377327831,571.3254131476065
1582,2,2,3,1,10,732.3462588702073,765.5851236223386,745.4221261337464,-358.17312943510365,0.45837679605810305,1.2065478704925028,570.6971427429538
1583,2,2,3,1,11,698.8355133055991,732.0743780577304,711.9113805691381,-341.41775665279954,0.44175042204261294,1.1883350651971853,562.0824858382687
1584,2,2,3,1,12,698.4194412969329,731.6583060490642,711.4953085604719,-341.20972064846643,0.4421995412875724,1.1879704698296891,561.910032229443
1585,2,2,3,2,8,699.7876813946511,737.1814042407989,714.4980320661326,-340.8938406973256,0.4428498782964744,1.1875664074076968,561.7189107038406
1586,2,2,3,2,9,724.6942812563564,762.0880041025041,739.4046319278378,-353.3471406281782,0.4558220784760362,1.201110980593081,568.1254938205274
1587,2,2,3,2,10,731.1748667286784,768.5685895748261,745.8852174001598,-356.5874333643392,0.4586871039437936,1.2047086790087156,569.8272051711225
1588,2,2,3,2,11,700.0678067366223,737.46152958277,714.7781574081038,-341.03390336831114,0.44160512309695416,1.1879156801614672,561.884116716374
1589,2,2,3,2,12,666.8860139165164,704.2797367626641,681.5963645879979,-324.4430069582582,0.427712557900719,1.1705953069848176,553.6915802038187
1590,2,2,3,3,8,666.1303232532887,707.6789041934528,682.4751573327126,-323.06516162664434,0.4269130422507914,1.169431604921466,553.1411491278534
1591,2,2,3,3,9,714.8276074302812,756.3761883704453,731.1724415097051,-347.4138037151406,0.45166863775227345,1.1945607086875287,565.0272152092011
1592,2,2,3,3,10,734.5600699613506,776.1086509015147,750.9049040407745,-357.2800349806753,0.45991485752629546,1.2055497088350884,570.2250122789968
1593,2,2,3,3,11,698.1074785441849,739.656059484349,714.4523126236088,-339.05373927209246,0.4398560028747387,1.1857669685788115,560.8677761377778
1594,2,2,3,3,12,653.4075740035478,694.9561549437119,669.7524080829717,-316.7037870017739,0.42264923348576966,1.1630194607507063,550.108204935084
1595,2,2,3,4,8,662.402768844833,708.1062078790136,680.3820863321992,-320.2013844224165,0.42694204442736483,1.1666044650296927,551.8039119590446
1596,2,2,3,4,9,687.7814508628387,733.4848898970193,705.7607683502049,-332.89072543141936,0.43618001111184174,1.178873671684073,557.6072467065666
1597,2,2,3,4,10,731.6527663631376,777.3562053973183,749.6320838505038,-354.8263831815688,0.4576278814465826,1.2027983890882818,568.9236380387573
1598,2,2,3,4,11,698.5871108194119,744.2905498535926,716.5664283067781,-338.29355540970596,0.4387647340788143,1.1849820166769498,560.4964938881973
1599,2,2,3,4,12,641.1452928035384,686.848731837719,659.1246102909046,-309.5726464017692,0.41667066554236365,1.1561798676344717,546.8730773911051
1600,2,2,4,0,8,740.7486050522407,773.987469804372,753.8244723157798,-362.37430252612035,0.46126055025369184,1.2114201707924883,573.001740784847
1601,2,2,4,0,9,740.7486050522407,773.987469804372,753.8244723157798,-362.37430252612035,0.46126055025369184,1.2114201707924883,573.001740784847
1602,2,2,4,0,10,740.7486050522407,773.987469804372,753.8244723157798,-362.37430252612035,0.46126055025369184,1.2114201707924883,573.001740784847
1603,2,2,4,0,11,740.7486050522407,773.987469804372,753.8244723157798,-362.37430252612035,0.46126055025369184,1.2114201707924883,573.001740784847
1604,2,2,4,0,12,740.7486050522407,773.987469804372,753.8244723157798,-362.37430252612035,0.46126055025369184,1.2114201707924883,573.001740784847
1605,2,2,4,1,8,732.4322623661315,769.8259852122792,747.1426130376129,-357.2161311830657,0.45652759347151506,1.205464454704275,570.184687075122
1606,2,2,4,1,9,740.9265503622383,778.3202732083861,755.6369010337198,-361.4632751811192,0.46035019698762636,1.210314114271747,572.4785760505364
1607,2,2,4,1,10,742.7356576798155,780.1293805259633,757.446008351297,-362.36782883990776,0.461293241837236,1.2114109601984804,572.9973841738812
1608,2,2,4,1,11,706.1795238055817,743.5732466517294,720.8898744770631,-344.0897619027908,0.44599431178138865,1.1911424273011948,563.4103681134651
1609,2,2,4,1,12,692.3117258098937,729.7054486560414,707.0220764813752,-337.15586290494684,0.4391685596637283,1.183324509461742,559.712492975404
1610,2,2,4,2,8,705.8303980083299,747.378978948494,722.1752320877538,-342.91519900416495,0.4469109496617625,1.1895547252140888,562.659385026264
1611,2,2,4,2,9,730.3189596467633,771.8675405869275,746.6637937261872,-355.1594798233817,0.4555931681820059,1.203146043841048,569.0880787368156
1612,2,2,4,2,10,737.8585677615082,779.4071487016723,754.2034018409321,-358.9292838807541,0.4604590309244501,1.2074052369589563,571.1026770815863
1613,2,2,4,2,11,707.8914241928497,749.4400051330139,724.2362582722736,-343.94571209642487,0.44610957620441816,1.1909873668906164,563.3370245392615
1614,2,2,4,2,12,654.4149067788883,695.9634877190524,670.7597408583122,-317.20745338944414,0.42264870691411016,1.1637104253896084,550.4350312092848
1615,2,2,4,3,8,663.183798712397,708.8872377465776,681.1631161997632,-320.5918993561985,0.42921741205693026,1.166924264284145,551.9551770064006
1616,2,2,4,3,9,723.9287727127584,769.632211746939,741.9080902001245,-350.9643863563792,0.45482213240918123,1.1983978083338769,566.8421633419238
1617,2,2,4,3,10,738.2721190271571,783.9755580613378,756.2514365145233,-358.1360595135786,0.4613209329642343,1.2064826982463535,570.6663162705252
1618,2,2,4,3,11,706.940861418594,752.6443004527746,724.9201789059601,-342.470430709297,0.4448389013549379,1.189377922751789,562.5757574615963
1619,2,2,4,3,12,631.1739845489219,676.8774235831025,649.1533020362881,-304.58699227446095,0.41140922542264813,1.1519148332081217,544.8557161074416
1620,2,2,4,4,8,653.1562269436301,703.0145240718272,672.7700278389387,-314.5781134718151,0.4250214140108096,1.161213630093233,549.2540470340992
1621,2,2,4,4,9,682.946087234193,732.80438436239,702.5598881295016,-329.4730436170965,0.4345192826118691,1.1754066516556323,555.9673462331141
1622,2,2,4,4,10,732.0544377271918,781.9127348553889,751.6682386225004,-354.0272188635959,0.45624123953426887,1.2018294811260721,568.4653445726321
1623,2,2,4,4,11,706.1653609315563,756.0236580597533,725.7791618268649,-341.08268046577814,0.4449254289104666,1.1878852228672703,561.8697104162188
1624,2,2,4,4,12,625.7608271325444,675.6191242607414,645.374628027853,-300.8804135662722,0.40805968816865273,1.1481630452148714,543.0811203866342
1625,2,3,0,0,8,1118.4109876960388,1135.0219184748553,1124.9461582858842,-555.2054938480194,0.692295838509131,2.1585203031272244,1020.9801033791772
1626,2,3,0,0,9,1118.4109876960388,1135.0219184748553,1124.9461582858842,-555.2054938480194,0.692295838509131,2.1585203031272244,1020.9801033791772
1627,2,3,0,0,10,1118.4109876960388,1135.0219184748553,1124.9461582858842,-555.2054938480194,0.692295838509131,2.1585203031272244,1020.9801033791772
1628,2,3,0,0,11,1118.4109876960388,1135.0219184748553,1124.9461582858842,-555.2054938480194,0.692295838509131,2.1585203031272244,1020.9801033791772
1629,2,3,0,0,12,1118.4109876960388,1135.0219184748553,1124.9461582858842,-555.2054938480194,0.692295838509131,2.1585203031272244,1020.9801033791772
1630,2,3,0,1,8,1118.2634909161382,1139.0271543896588,1126.4324541534447,-554.1317454580691,0.6898744407500713,2.1557115870876364,1019.6515806924521
1631,2,3,0,1,9,1115.2308438873174,1135.9945073608378,1123.399807124624,-552.6154219436587,0.6921551278135016,2.151697651568646,1017.7529891919696
1632,2,3,0,1,10,1113.7535859343259,1134.5172494078465,1121.9225491716325,-551.8767929671629,0.6816792954568384,2.1498030414678864,1016.8568386143102
1633,2,3,0,1,11,1113.0353572939866,1133.799020767507,1121.2043205312932,-551.5176786469933,0.6860584778565559,2.1488287607079775,1016.3960038148733
1634,2,3,0,1,12,1108.6315418460088,1129.3952053195294,1116.8005050833153,-549.3157709230044,0.6803205987114791,2.1430537971251007,1013.6644460401726
1635,2,3,0,2,8,1111.366307680381,1136.2827038486055,1121.169063565149,-549.6831538401905,0.6850032169676604,2.1440709104961173,1014.1455406646635
1636,2,3,0,2,9,1116.6422957597676,1141.5586919279922,1126.4450516445356,-552.3211478798838,0.691793633607575,2.150919794981252,1017.3850630261322
1637,2,3,0,2,10,1113.7633868013163,1138.6797829695408,1123.5661426860843,-550.8816934006582,0.6816855469065821,2.1471911559809405,1015.6214167789849
1638,2,3,0,2,11,1113.9884117228275,1138.904807891052,1123.7911676075955,-550.9942058614138,0.6842209395665481,2.1474547929747607,1015.7461170770617
1639,2,3,0,2,12,1092.6435250861527,1117.5599212543773,1102.4462809709207,-540.3217625430764,0.6716295710082454,2.1200108218408342,1002.7651187307146
1640,2,3,0,3,8,1094.2027755092556,1123.2719043721843,1105.639324041485,-540.1013877546278,0.6740500871035403,2.119591989390157,1002.5670109815444
1641,2,3,0,3,9,1110.8063891713123,1139.875518034241,1122.2429377035417,-548.4031945856561,0.6819599412693585,2.1405939191008105,1012.5009237346834
1642,2,3,0,3,10,1104.1499948181354,1133.219123681064,1115.5865433503648,-545.0749974090677,0.673023998725152,2.132036983465115,1008.4534931789995
1643,2,3,0,3,11,1112.5125375302919,1141.5816663932205,1123.9490860625212,-549.2562687651459,0.6835445967940119,2.142836868257195,1013.5618386856531
1644,2,3,0,3,12,1083.71170014755,1112.7808290104786,1095.1482486797793,-534.855850073775,0.6620931717653091,2.106234716982202,996.2490211325816
1645,2,3,0,4,8,1091.0842450844877,1124.3061066421205,1104.1545862641785,-537.5421225422439,0.6735403706005706,2.1131836222604266,999.5358533291818
1646,2,3,0,4,9,1098.3844039955925,1131.6062655532253,1111.4547451752833,-541.1922019977962,0.6689100973163714,2.1218857781154643,1003.6519730486145
1647,2,3,0,4,10,1105.7015118919492,1138.923373449582,1118.77185307164,-544.8507559459746,0.6740769361326557,2.131466123592117,1008.1834764590715
1648,2,3,0,4,11,1114.395827100975,1147.617688658608,1127.466168280666,-549.1979135504876,0.684148064661926,2.1426833215569294,1013.4892110964275
1649,2,3,0,4,12,1081.0157054587276,1114.2375670163603,1094.0860466384183,-532.5078527293638,0.6601010694674019,2.100403235464916,993.4907303749053
1650,2,3,1,0,8,878.423375159407,899.1870386329275,886.5923383967137,-434.2116875797035,0.5509877465917663,1.9103168117034952,903.5798519357533
1651,2,3,1,0,9,878.423375159407,899.1870386329275,886.5923383967137,-434.2116875797035,0.5509877465917663,1.9103168117034952,903.5798519357533
1652,2,3,1,0,10,878.423375159407,899.1870386329275,886.5923383967137,-434.2116875797035,0.5509877465917663,1.9103168117034952,903.5798519357533
1653,2,3,1,0,11,878.423375159407,899.1870386329275,886.5923383967137,-434.2116875797035,0.5509877465917663,1.9103168117034952,903.5798519357533
1654,2,3,1,0,12,878.423375159407,899.1870386329275,886.5923383967137,-434.2116875797035,0.5509877465917663,1.9103168117034952,903.5798519357533
1655,2,3,1,1,8,874.8351348049454,899.75153097317,884.6378906897133,-431.4175674024727,0.5500051038594193,1.9058850320650378,901.4836201667629
1656,2,3,1,1,9,874.2920435009983,899.2084396692229,884.0947993857662,-431.14602175049913,0.5476201670574528,1.9054608150561645,901.2829655215658
1657,2,3,1,1,10,879.339304509492,904.2557006777166,889.1420603942599,-433.669652254746,0.5493136537189995,1.9094462260821081,903.1680649368371
1658,2,3,1,1,11,859.2724680661363,884.188864234361,869.0752239509043,-423.63623403306815,0.5418230024622858,1.8940658459437258,895.8931451313823
1659,2,3,1,1,12,844.1235602878182,869.0399564560429,853.9263161725862,-416.0617801439091,0.5283777142377966,1.8827626492100349,890.5467330763465
1660,2,3,1,2,8,857.6460401088817,886.7151689718105,869.0825886411111,-421.82302005444086,0.5423319059941821,1.8912085014466515,894.5416211842662
1661,2,3,1,2,9,875.4341267788183,904.503255641747,886.8706753110476,-430.71706338940913,0.5473060230629655,1.9047876516714128,900.9645592405783
1662,2,3,1,2,10,876.4323100716905,905.5014389346193,887.8688586039199,-431.21615503584525,0.5493824844050137,1.9055673081213682,901.3333367414072
1663,2,3,1,2,11,861.909576681559,890.9787055444878,873.3461252137884,-423.9547883407795,0.5424667181373131,1.894200660397089,895.9569123678231
1664,2,3,1,2,12,814.5930021865986,843.6621310495274,826.029550718828,-400.2965010932993,0.5133275055547137,1.8604247692084595,879.9809158356013
1665,2,3,1,3,8,823.806370110779,857.0282316684118,836.8767112904696,-403.9031850553895,0.5216152199528021,1.8654243547284133,882.3457197865395
1666,2,3,1,3,9,867.8332808871203,901.0551424447531,880.903622066811,-425.91664044356014,0.5360191526406735,1.8972950961531776,897.420580480453
1667,2,3,1,3,10,877.5877361505601,910.8095977081929,890.6580773302508,-430.79386807528005,0.5472559703733844,1.9048893698092002,901.0126719197517
1668,2,3,1,3,11,857.6167916376627,890.8386531952955,870.6871328173534,-420.80839581883134,0.5378736859367838,1.8897246515815385,893.8397601980677
1669,2,3,1,3,12,800.7225706818808,833.9444322395136,813.7929118615715,-392.3612853409404,0.5061786510472893,1.8495078278913888,874.8172025926269
1670,2,3,1,4,8,814.4691255023896,851.8437197547265,829.1732593295417,-398.2345627511948,0.517836703516244,1.8576584372603755,878.6724408241577
1671,2,3,1,4,9,838.1870465004783,875.5616407528153,852.8911803276304,-410.0935232502392,0.5191680368514184,1.8735117146246585,886.1710410174635
1672,2,3,1,4,10,876.4172467014619,913.7918409537988,891.1213805286139,-429.20862335073093,0.5420970061693896,1.9023909039186202,899.8308975535074
1673,2,3,1,4,11,859.0311730917502,896.4057673440872,873.7353069189023,-420.5155865458751,0.538137457315641,1.8893188691006633,893.6478250846137
1674,2,3,1,4,12,796.390861674266,833.765455926603,811.0949955014181,-389.195430837133,0.5037715537338205,1.8452244002712015,872.7911413282783
1675,2,3,2,0,8,901.0770958180406,925.9934919862652,910.8798517028085,-444.5385479090203,0.5615718074675731,1.9267858646349054,911.3697139723103
1676,2,3,2,0,9,901.0770958180406,925.9934919862652,910.8798517028085,-444.5385479090203,0.5615718074675731,1.9267858646349054,911.3697139723103
1677,2,3,2,0,10,901.0770958180406,925.9934919862652,910.8798517028085,-444.5385479090203,0.5615718074675731,1.9267858646349054,911.3697139723103
1678,2,3,2,0,11,901.0770958180406,925.9934919862652,910.8798517028085,-444.5385479090203,0.5615718074675731,1.9267858646349054,911.3697139723103
1679,2,3,2,0,12,901.0770958180406,925.9934919862652,910.8798517028085,-444.5385479090203,0.5615718074675731,1.9267858646349054,911.3697139723103
1680,2,3,2,1,8,901.9131249599615,930.9822538228902,913.3496734921908,-443.95656247998073,0.562689755271325,1.9257815288873419,910.8946631637127
1681,2,3,2,1,9,896.2304250328693,925.2995538957981,907.6669735650987,-441.11521251643467,0.5606018923463171,1.921133281720268,908.6960422536868
1682,2,3,2,1,10,903.2361114622955,932.3052403252243,914.6726599945249,-444.61805573114776,0.5610822607789977,1.9268190364114073,911.3854042225956
1683,2,3,2,1,11,895.9728083148657,925.0419371777945,907.4093568470951,-440.98640415743284,0.5609895641227549,1.920976597731721,908.6219307271041
1684,2,3,2,1,12,874.8060610333404,903.8751898962691,886.2426095655698,-430.4030305166702,0.5475300774895593,1.9040966216396316,900.6377020355458
1685,2,3,2,2,8,899.0651634950013,932.2870250526341,912.135504674692,-441.53258174750067,0.5607530090988239,1.921755538548654,908.9903697335134
1686,2,3,2,2,9,898.4245557085967,931.6464172662295,911.4948968882874,-441.21227785429835,0.5607754593235572,1.9212777892883552,908.764394333392
1687,2,3,2,2,10,907.0803984464518,940.3022600040846,920.1507396261425,-445.5401992232259,0.5629578437955483,1.928334048778013,912.1020050720001
1688,2,3,2,2,11,897.3722119208401,930.5940734784729,910.4425531005307,-440.68610596042004,0.5596081864704541,1.9204987468637935,908.3959072665743
1689,2,3,2,2,12,858.3016127411111,891.5234742987438,871.3719539208017,-421.15080637055553,0.5374940298541522,1.8899718449511465,893.9566826618923
1690,2,3,2,3,8,874.8320442213244,912.2066384736613,889.5361780484765,-428.4160221106622,0.5485283019602851,1.9009875654683686,899.1671184665383
1691,2,3,2,3,9,898.8138937155674,936.1884879679043,913.5180275427194,-440.4069468577837,0.5586494779703487,1.919915285431275,908.1199300089932
1692,2,3,2,3,10,904.7899564149895,942.1645506673265,919.4940902421416,-443.3949782074948,0.5597633019746266,1.9246795142862567,910.3734102573994
1693,2,3,2,3,11,899.9718553754806,937.3464496278175,914.6759892026326,-440.9859276877403,0.5607653575022308,1.9208419079691554,908.5582224694106
1694,2,3,2,3,12,849.9472583649865,887.3218526173234,864.6513921921386,-415.97362918249326,0.5320395058360115,1.881947081506154,890.1609695524108
1695,2,3,2,4,8,868.2254909549208,909.7528179019619,884.5634174295342,-424.1127454774604,0.5470028709020198,1.8944021729479568,896.0522278043835
1696,2,3,2,4,9,876.8558275182479,918.383154465289,893.1937539928613,-428.42791375912395,0.542082191873671,1.9006056674059681,898.9864806830229
1697,2,3,2,4,10,906.1016871024316,947.6290140494726,922.439613577045,-443.0508435512158,0.5584645210032796,1.9241393167654295,910.1178968300482
1698,2,3,2,4,11,901.7700866536431,943.2974136006842,918.1080131282565,-440.8850433268216,0.5603880173837984,1.9207929599463822,908.5350700546388
1699,2,3,2,4,12,847.3528174632688,888.8801444103099,863.6907439378822,-413.6764087316344,0.5292418480878596,1.8785998603507463,888.577733945903
1700,2,3,3,0,8,757.2216660970188,786.2907949599476,768.6582146292482,-371.6108330485094,0.49545476544570594,1.8243303735173477,862.9082666737055
1701,2,3,3,0,9,757.2216660970188,786.2907949599476,768.6582146292482,-371.6108330485094,0.49545476544570594,1.8243303735173477,862.9082666737055
1702,2,3,3,0,10,757.2216660970188,786.2907949599476,768.6582146292482,-371.6108330485094,0.49545476544570594,1.8243303735173477,862.9082666737055
1703,2,3,3,0,11,757.2216660970188,786.2907949599476,768.6582146292482,-371.6108330485094,0.49545476544570594,1.8243303735173477,862.9082666737055
1704,2,3,3,0,12,757.2216660970188,786.2907949599476,768.6582146292482,-371.6108330485094,0.49545476544570594,1.8243303735173477,862.9082666737055
1705,2,3,3,1,8,749.3025966843791,782.5244582420119,762.3729378640697,-366.65129834218953,0.49221470029047865,1.8184094760360874,860.1076821650694
1706,2,3,3,1,9,756.2997548116386,789.5216163692714,769.3700959913293,-370.1498774058193,0.49439791551180623,1.8225898370017186,862.0849929018129
1707,2,3,3,1,10,763.8245960405679,797.0464575982007,776.8949372202586,-373.91229802028397,0.49697848593055177,1.8270937952045139,864.2153651317351
1708,2,3,3,1,11,724.5030019323721,757.7248634900049,737.5733431120627,-354.25150096618603,0.48204242774652095,1.804254154946049,853.4122152894811
1709,2,3,3,1,12,705.7843011960701,739.0061627537029,718.8546423757608,-344.8921505980351,0.4727927647285387,1.7938982422380094,848.5138685785785
1710,2,3,3,2,8,748.9024935543018,786.2770878066387,763.6066273814539,-365.4512467771509,0.49395655513668196,1.816415907878976,859.1647244267557
1711,2,3,3,2,9,760.9090714308152,798.2836656831521,775.6132052579673,-371.4545357154076,0.4960086502412969,1.8242109957116104,862.8518009715917
1712,2,3,3,2,10,785.0356934189895,822.4102876713264,799.7398272461415,-383.51784670949473,0.5009256650439503,1.8332441333168803,867.1244750588844
1713,2,3,3,2,11,725.582870038195,762.9574642905319,740.2870038653471,-353.7914350190975,0.48176577415899474,1.803735652433352,853.1669636009756
1714,2,3,3,2,12,697.2154199370358,734.5900141893727,711.9195537641879,-339.6077099685179,0.47151361870216635,1.7881841281007704,845.8110925916644
1715,2,3,3,3,8,727.0829658668235,768.6102928138646,743.4208923414369,-353.54148293341177,0.48136777369780764,1.801773132691776,852.2386917632101
1716,2,3,3,3,9,778.1263315358283,819.6536584828693,794.4642580104417,-379.06316576791414,0.5075543865982678,1.833226468740269,867.1161197141473
1717,2,3,3,3,10,830.8430563884403,872.3703833354814,847.1809828630537,-405.4215281942202,0.5278469309122117,1.867444552697548,883.3012734259403
1718,2,3,3,3,11,747.2315057898941,788.7588327369351,763.5694322645074,-363.61575289494704,0.48796778908640215,1.814189660557944,858.1117094439074
1719,2,3,3,3,12,661.9788512147993,703.5061781618404,678.3167776894127,-320.98942560739965,0.45452022253471186,1.768698389408584,836.5943381902601
1720,2,3,3,4,8,694.0716288196375,739.7516884613826,712.0433479417121,-336.0358144098187,0.46775767229848225,1.7844224188687619,844.0318041249244
1721,2,3,3,4,9,764.7615372282365,810.4415968699817,782.7332563503112,-371.38076861411827,0.49448900466143236,1.822411469746105,862.0006251899076
1722,2,3,3,4,10,814.4158244303919,860.0958840721371,832.3875435524666,-396.20791221519596,0.5191557435212623,1.854138154635624,877.0073471426501
1723,2,3,3,4,11,733.7106112572783,779.3906708990235,751.682330379353,-355.85530562863914,0.48381966492624134,1.805699049048409,854.0956501998975
1724,2,3,3,4,12,654.5624760131398,700.2425356548849,672.5341951352144,-316.2812380065699,0.44904637337281594,1.7648985558396864,834.7970169121717
1725,2,3,4,0,8,753.635594273597,786.8574558312298,766.7059354532877,-368.8177971367985,0.49401113636165017,1.8210357300964461,861.349900335619
1726,2,3,4,0,9,753.635594273597,786.8574558312298,766.7059354532877,-368.8177971367985,0.49401113636165017,1.8210357300964461,861.349900335619
1727,2,3,4,0,10,753.635594273597,786.8574558312298,766.7059354532877,-368.8177971367985,0.49401113636165017,1.8210357300964461,861.349900335619
1728,2,3,4,0,11,753.635594273597,786.8574558312298,766.7059354532877,-368.8177971367985,0.49401113636165017,1.8210357300964461,861.349900335619
1729,2,3,4,0,12,753.635594273597,786.8574558312298,766.7059354532877,-368.8177971367985,0.49401113636165017,1.8210357300964461,861.349900335619
1730,2,3,4,1,8,753.3282625483089,790.7028568006458,768.032396375461,-367.66413127415444,0.4912067894858161,1.81936733776896,860.5607507647181
1731,2,3,4,1,9,751.5314320563672,788.9060263087041,766.2355658835193,-366.7657160281836,0.4948750257161599,1.8186492437538724,860.2210922955817
1732,2,3,4,1,10,749.844019766849,787.2186140191859,764.5481535940011,-365.9220098834245,0.49086707610938385,1.8177951211291459,859.817092294086
1733,2,3,4,1,11,729.1177109054394,766.4923051577763,743.8218447325914,-355.5588554527197,0.4787042072741743,1.8055369773658818,854.0189902940621
1734,2,3,4,1,12,694.8127695636053,732.1873638159423,709.5169033907574,-338.40638478180267,0.4651998694230449,1.7867169632014352,845.1171235942788
1735,2,3,4,2,8,741.3572386805183,782.8845656275594,757.6951651551317,-360.67861934025916,0.482247818151182,1.8114200525038233,856.8016848343084
1736,2,3,4,2,9,740.9990922692068,782.5264192162479,757.3370187438202,-360.4995461346034,0.48622691003289525,1.8115217804653143,856.8498021600936
1737,2,3,4,2,10,753.3148370718022,794.8421640188433,769.6527635464156,-366.6574185359011,0.4919256755061169,1.8183387564234834,860.0742317883077
1738,2,3,4,2,11,725.9316824754309,767.4590094224719,742.2696089500442,-352.96584123771544,0.4768708664158007,1.802831803772267,852.7394431842823
1739,2,3,4,2,12,674.3966925997588,715.9240195467999,690.7346190743722,-327.1983462998794,0.4537002330597838,1.7754070959084114,839.7675563646786
1740,2,3,4,3,8,699.9899568123249,745.67001645407,717.9616759343995,-338.99497840616243,0.46458062244664494,1.7871461352872127,845.3201219908516
1741,2,3,4,3,9,759.7840455046373,805.4641051463825,777.755764626712,-368.89202275231867,0.4928316230570202,1.8205939264936823,861.1409272315118
1742,2,3,4,3,10,763.7002876868694,809.3803473286146,781.672006808944,-370.8501438434347,0.4956092161190414,1.8233658579943426,862.4520508313241
1743,2,3,4,3,11,733.7004370795396,779.3804967212848,751.6721562016143,-355.8502185397698,0.47880867113625447,1.805892945089789,854.1873630274702
1744,2,3,4,3,12,670.9006919443395,716.5807515860847,688.8724110664142,-324.45034597216977,0.4501241656026285,1.7717120355502707,838.019792815278
1745,2,3,4,4,8,686.6599398225997,736.492732159049,706.2654515921357,-331.3299699112998,0.46131139646996966,1.7795325371575206,841.7188900755073
1746,2,3,4,4,9,706.1278717860355,755.9606641224848,725.7333835555715,-341.06393589301774,0.4628371203621291,1.7896728955370278,846.5152795890142
1747,2,3,4,4,10,746.9754266749705,796.8082190114199,766.5809384445066,-361.4877133374853,0.4856029369646395,1.8124633420915608,857.2951608093083
1748,2,3,4,4,11,740.5520111375574,790.3848034740067,760.1575229070935,-358.2760055687787,0.482055167660341,1.8082924880685602,855.322346856429
1749,2,3,4,4,12,671.002708237903,720.8355005743522,690.6082200074391,-323.5013541189515,0.44757173675114115,1.7718425117986942,838.0815080807823
1750,2,4,0,0,8,1476.7738145120868,1493.376225585872,1483.3062152172479,-734.3869072560434,1.0232865496137102,4.0126187232691635,1897.9686561063145
1751,2,4,0,0,9,1476.7738145120868,1493.376225585872,1483.3062152172479,-734.3869072560434,1.0232865496137102,4.0126187232691635,1897.9686561063145
1752,2,4,0,0,10,1476.7738145120868,1493.376225585872,1483.3062152172479,-734.3869072560434,1.0232865496137102,4.0126187232691635,1897.9686561063145
1753,2,4,0,0,11,1476.7738145120868,1493.376225585872,1483.3062152172479,-734.3869072560434,1.0232865496137102,4.0126187232691635,1897.9686561063145
1754,2,4,0,0,12,1476.7738145120868,1493.376225585872,1483.3062152172479,-734.3869072560434,1.0232865496137102,4.0126187232691635,1897.9686561063145
1755,2,4,0,1,8,1478.096392895739,1498.8494067379704,1486.2618937771902,-734.0481964478695,1.0227848721214299,4.01069821566842,1897.0602560111624
1756,2,4,0,1,9,1478.2390560487638,1498.9920698909953,1486.404556930215,-734.1195280243819,1.0216289174716973,4.011068943463814,1897.2356102583838
1757,2,4,0,1,10,1472.4243834788026,1493.177397321034,1480.5898843602538,-731.2121917394013,1.0220690890359942,3.994703588889678,1889.4947975448176
1758,2,4,0,1,11,1475.9548162604833,1496.7078301027148,1484.1203171419345,-732.9774081302417,1.0217642375283211,4.004645505526651,1894.1973241141059
1759,2,4,0,1,12,1476.8522095260487,1497.6052233682801,1485.0177104074999,-733.4261047630243,1.0208577637261815,4.007073014268405,1895.3455357489559
1760,2,4,0,2,8,1476.067629890612,1500.9712465012897,1485.8662309483534,-732.033814945306,1.0208049474239307,3.9992673905854534,1891.6534757469194
1761,2,4,0,2,9,1480.2008241790318,1505.1044407897095,1489.9994252367733,-734.1004120895159,1.0213665681813675,4.010957616417745,1897.1829525655933
1762,2,4,0,2,10,1474.3835345952327,1499.2871512059105,1484.1821356529742,-731.1917672976164,1.0218630045785009,3.9945873466815733,1889.4398149803842
1763,2,4,0,2,11,1477.0021070414775,1501.9057236521553,1486.800708099219,-732.5010535207388,1.021088263808355,4.001915648816103,1892.9061018900168
1764,2,4,0,2,12,1468.860755200681,1493.7643718113588,1478.6593562584226,-728.4303776003405,1.0137025203345105,3.978704296663386,1881.9271323217815
1765,2,4,0,3,8,1468.0374599677848,1497.0916793469087,1479.4691612018166,-727.0187299838924,1.0100773514448353,3.970972194103802,1878.2698478110983
1766,2,4,0,3,9,1479.6835236694617,1508.7377430485856,1491.1152249034935,-732.8417618347308,1.020498317044135,4.003677362779184,1893.739392594554
1767,2,4,0,3,10,1461.5764661561561,1490.63068553528,1473.008167390188,-723.7882330780781,1.0031781804344966,3.952692433856871,1869.6235212143001
1768,2,4,0,3,11,1478.7310859574939,1507.7853053366177,1490.1627871915257,-732.3655429787469,1.0214758002511926,4.001121811178927,1892.5306166876326
1769,2,4,0,3,12,1463.5955820098193,1492.6498013889432,1475.0272832438511,-724.7977910049096,1.0035174915653677,3.958041991850685,1872.153862145374
1770,2,4,0,4,8,1468.0201524334184,1501.2249745809886,1481.0849538437403,-726.0100762167092,1.0090404467454779,3.965284357895052,1875.5795012843596
1771,2,4,0,4,9,1473.6574595959098,1506.86228174348,1486.7222610062317,-728.8287297979549,1.0059265041972898,3.980460821316555,1882.7579684827306
1772,2,4,0,4,10,1461.0110452712436,1494.2158674188138,1474.0758466815655,-722.5055226356218,1.0013434099815084,3.9455680366189494,1866.253681320763
1773,2,4,0,4,11,1479.8540964151055,1513.0589185626757,1492.9188978254274,-731.9270482075527,1.0222486094131749,3.998593564269723,1891.334755899579
1774,2,4,0,4,12,1461.460098411579,1494.6649205591493,1474.524899821901,-722.7300492057896,1.002372840652126,3.9463605725254274,1866.628550804527
1775,2,4,1,0,8,1127.0850957534294,1147.8381095956609,1135.2505966348806,-558.5425478767147,0.7366239149188378,3.313696050726325,1567.3782319935517
1776,2,4,1,0,9,1127.0850957534294,1147.8381095956609,1135.2505966348806,-558.5425478767147,0.7366239149188378,3.313696050726325,1567.3782319935517
1777,2,4,1,0,10,1127.0850957534294,1147.8381095956609,1135.2505966348806,-558.5425478767147,0.7366239149188378,3.313696050726325,1567.3782319935517
1778,2,4,1,0,11,1127.0850957534294,1147.8381095956609,1135.2505966348806,-558.5425478767147,0.7366239149188378,3.313696050726325,1567.3782319935517
1779,2,4,1,0,12,1127.0850957534294,1147.8381095956609,1135.2505966348806,-558.5425478767147,0.7366239149188378,3.313696050726325,1567.3782319935517
1780,2,4,1,1,8,1127.0774620438983,1151.981078654576,1136.8760631016398,-557.5387310219492,0.7339465770751638,3.310977362874149,1566.0922926394724
1781,2,4,1,1,9,1124.1345118070776,1149.0381284177554,1133.9331128648191,-556.0672559035388,0.7364996719899761,3.3070035739638874,1564.2126904849188
1782,2,4,1,1,10,1122.6736331283041,1147.577249738982,1132.4722341860456,-555.3368165641521,0.7263526191817983,3.3051034635243366,1563.3139382470113
1783,2,4,1,1,11,1121.5003630870108,1146.4039796976886,1131.2989641447523,-554.7501815435054,0.7297796864160095,3.3036536457048555,1562.6281744183966
1784,2,4,1,1,12,1117.0458738593243,1141.949490470002,1126.8444749170658,-552.5229369296621,0.7242703045442802,3.297668320459164,1559.7971155771845
1785,2,4,1,2,8,1120.5033883450112,1149.557607724135,1131.935089579043,-553.2516941725056,0.7290279242756088,3.2996396570464697,1560.7295577829802
1786,2,4,1,2,9,1125.6303343189966,1154.6845536981205,1137.0620355530284,-555.8151671594983,0.7365601250067468,3.306306191472526,1563.8828285665047
1787,2,4,1,2,10,1122.8322209154571,1151.886440294581,1134.263922149489,-554.4161104577286,0.7264488049125221,3.3026203826027882,1562.1394409711188
1788,2,4,1,2,11,1122.5874433972908,1151.6416627764147,1134.0191446313227,-554.2937216986454,0.7281540472160465,3.3024293065369275,1562.0490619919667
1789,2,4,1,2,12,1100.7327647829027,1129.7869841620266,1112.1644660169345,-543.3663823914513,0.7152923351518288,3.2740924030491407,1548.6457066422436
1790,2,4,1,3,8,1103.4554382177093,1136.6602603652796,1116.5202396280313,-543.7277191088547,0.7183519085451714,3.275136942826549,1549.1397739569577
1791,2,4,1,3,9,1119.9296120462077,1153.134434193778,1132.9944134565296,-551.9648060231038,0.7265405291410051,3.2961226948554914,1559.0660346666475
1792,2,4,1,3,10,1113.0335785108462,1146.2384006584164,1126.098379921168,-548.5167892554231,0.7174550720093963,3.2869794705858846,1554.7412895871234
1793,2,4,1,3,11,1121.9153407352856,1155.1201628828558,1134.9801421456075,-552.9576703676428,0.7282018469317477,3.298824195594436,1560.3438445161682
1794,2,4,1,3,12,1091.9841876243593,1125.1890097719295,1105.0489890346812,-537.9920938121796,0.7063743342949093,3.260413830079259,1542.1757416274895
1795,2,4,1,4,8,1100.1595608371708,1137.5149857531874,1114.857462423783,-541.0797804185854,0.7179645176606606,3.2684451608136196,1545.974561064842
1796,2,4,1,4,9,1108.0605924125443,1145.4160173285609,1122.7584939991566,-545.0302962062722,0.7133663473783224,3.277818274461477,1550.4080438202786
1797,2,4,1,4,10,1114.5313839014316,1151.8868088174481,1129.2292854880438,-548.2656919507158,0.7186210841454228,3.2863504751097596,1554.4437747269162
1798,2,4,1,4,11,1123.2323826723725,1160.587807588389,1137.9302842589848,-552.6161913361863,0.7283199162840497,3.297961626591807,1559.9358493779246
1799,2,4,1,4,12,1091.8159376472559,1129.1713625632724,1106.513839233868,-536.9079688236279,0.705621774381473,3.2571251102502896,1540.620177148387
1800,2,4,2,0,8,1038.6991845823563,1063.602801193034,1048.4977856400978,-513.3495922911782,0.667050401704219,3.2028879861251127,1514.9660174371784
1801,2,4,2,0,9,1038.6991845823563,1063.602801193034,1048.4977856400978,-513.3495922911782,0.667050401704219,3.2028879861251127,1514.9660174371784
1802,2,4,2,0,10,1038.6991845823563,1063.602801193034,1048.4977856400978,-513.3495922911782,0.667050401704219,3.2028879861251127,1514.9660174371784
1803,2,4,2,0,11,1038.6991845823563,1063.602801193034,1048.4977856400978,-513.3495922911782,0.667050401704219,3.2028879861251127,1514.9660174371784
1804,2,4,2,0,12,1038.6991845823563,1063.602801193034,1048.4977856400978,-513.3495922911782,0.667050401704219,3.2028879861251127,1514.9660174371784
1805,2,4,2,1,8,979.9347586628554,1008.9889780419794,991.3664598968871,-482.9673793314277,0.6334509641899772,3.1262704613905297,1478.7259282377206
1806,2,4,2,1,9,890.4298577107784,919.4840770899024,901.8615589448101,-438.2149288553892,0.5952537765584272,3.0649330576358,1449.7133362617335
1807,2,4,2,1,10,1050.5322807140458,1079.5865000931697,1061.9639819480776,-518.2661403570229,0.6725718730202209,3.2134440209427106,1519.959021905902
1808,2,4,2,1,11,880.3825549594859,909.4367743386099,891.8142561935176,-433.19127747974295,0.5926370941293159,3.057066762640884,1445.9925787291381
1809,2,4,2,1,12,979.1760174783567,1008.2302368574807,990.6077187123884,-482.58800873917835,0.6364630164959842,3.132324257258941,1481.5893736834792
1810,2,4,2,2,8,899.1805591042205,932.3853812517907,912.2453605145425,-441.59027955211025,0.6064897699396234,3.068390628549046,1451.3487673036989
1811,2,4,2,2,9,904.4627919728537,937.6676141204239,917.5275933831757,-444.23139598642683,0.603111003329499,3.074823999299641,1454.3917516687302
1812,2,4,2,2,10,908.6034958542149,941.8083180017851,921.6682972645369,-446.30174792710744,0.6094562382146561,3.0778040017496204,1455.8012928275705
1813,2,4,2,2,11,932.9454145078025,966.1502366553727,946.0102159181246,-458.47270725390126,0.6173255663051083,3.0976265725660683,1465.1773688237504
1814,2,4,2,2,12,867.1926851021805,900.3975072497507,880.2574865125025,-425.59634255109023,0.5768029911055297,3.0447094960959076,1440.1475916533643
1815,2,4,2,3,8,862.8881273218776,900.2435522378942,877.5860289084899,-422.4440636609388,0.5853170247778388,3.0389630328833546,1437.4295145538267
1816,2,4,2,3,9,930.9405632397494,968.2959881557659,945.6384648263617,-456.4702816198747,0.6141364843522861,3.0941250738161212,1463.5211599150252
1817,2,4,2,3,10,976.3884176762135,1013.7438425922301,991.0863192628258,-479.19420883810676,0.6386754849010045,3.1342354304579665,1482.4933586066181
1818,2,4,2,3,11,894.3040611490268,931.6594860650433,909.001962735639,-438.1520305745134,0.5965833765585318,3.064568576315096,1449.5409365970404
1819,2,4,2,3,12,863.8013323277246,901.1567572437411,878.4992339143369,-422.9006661638623,0.5776374102016555,3.0392957301737815,1437.5868803721987
1820,2,4,2,4,8,933.596229194279,975.1022568787417,949.9272309571815,-456.7981145971395,0.6233229587305557,3.0933321420350324,1463.1461031825704
1821,2,4,2,4,9,983.1810829884232,1024.687110672886,999.5120847513257,-481.5905414942116,0.6360744528910293,3.1392065158922757,1484.8446820170464
1822,2,4,2,4,10,958.1881170718392,999.694144756302,974.5191188347417,-469.0940585359196,0.6215514541236771,3.1148644757040502,1473.3308970080157
1823,2,4,2,4,11,889.9410245766545,931.4470522611173,906.272026339557,-434.97051228832726,0.5943127766432529,3.05959536795344,1447.188609041977
1824,2,4,2,4,12,876.5760827468819,918.0821104313446,892.9070845097843,-428.28804137344093,0.5860987424166527,3.0454508395608197,1440.4982471122678
1825,2,4,3,0,8,920.1260080349634,949.1802274140874,931.5577092689952,-453.0630040174817,0.6096346302280294,3.088705169960273,1460.9575453912091
1826,2,4,3,0,9,920.1260080349634,949.1802274140874,931.5577092689952,-453.0630040174817,0.6096346302280294,3.088705169960273,1460.9575453912091
1827,2,4,3,0,10,920.1260080349634,949.1802274140874,931.5577092689952,-453.0630040174817,0.6096346302280294,3.088705169960273,1460.9575453912091
1828,2,4,3,0,11,920.1260080349634,949.1802274140874,931.5577092689952,-453.0630040174817,0.6096346302280294,3.088705169960273,1460.9575453912091
1829,2,4,3,0,12,920.1260080349634,949.1802274140874,931.5577092689952,-453.0630040174817,0.6096346302280294,3.088705169960273,1460.9575453912091
1830,2,4,3,1,8,922.8495132625762,956.0543354101465,935.9143146728983,-453.4247566312881,0.6140140892453823,3.0889634510280253,1461.0797123362559
1831,2,4,3,1,9,916.3975650531573,949.6023872007275,929.4623664634794,-450.19878252657867,0.6082193029625272,3.0838490438343347,1458.6605977336403
1832,2,4,3,1,10,921.6344153680918,954.839237515662,934.6992167784139,-452.8172076840459,0.6089569038475324,3.0881887150701686,1460.7132622281897
1833,2,4,3,1,11,916.4516715921213,949.6564937396915,929.5164730024434,-450.22583579606066,0.6079505253731442,3.0833553520964805,1458.4270815416353
1834,2,4,3,1,12,899.2479845306113,932.4528066781816,912.3127859409334,-441.6239922653057,0.5964787983093395,3.069092379821565,1451.6806956556002
1835,2,4,3,2,8,919.6547953531202,957.0102202691368,934.3526969397325,-450.8273976765601,0.6090533465406313,3.082806246770255,1458.1673547223306
1836,2,4,3,2,9,935.0432415065854,972.398666422602,949.7411430931977,-458.5216207532927,0.6176386246104993,3.098373643959792,1465.5307335929817
1837,2,4,3,2,10,921.5693781985129,958.9248031145295,936.2672797851252,-451.78468909925647,0.6090950041632128,3.0864969845574493,1459.9130736956736
1838,2,4,3,2,11,927.3816756345609,964.7371005505775,942.0795772211732,-454.69083781728045,0.6102447981336733,3.091169817531004,1462.1233236921648
1839,2,4,3,2,12,886.4431605009897,923.7985854170063,901.141062087602,-434.22158025049487,0.5890320107731759,3.0574040162722365,1446.152099696768
1840,2,4,3,3,8,916.5578249310656,958.0638526155284,932.8888266939681,-448.2789124655328,0.6085411361273171,3.0801864730828377,1456.9282017681821
1841,2,4,3,3,9,966.8985283488437,1008.4045560333064,983.2295301117462,-473.44926417442184,0.6360073901303299,3.1221648092873346,1476.7839547929093
1842,2,4,3,3,10,920.2487762383668,961.7548039228295,936.5797780012692,-450.1243881191834,0.6058719693433273,3.083146442185121,1458.3282671535624
1843,2,4,3,3,11,927.591395171112,969.0974228555748,943.9223969340145,-453.795697585556,0.609602004115132,3.0888327302083813,1461.0178813885643
1844,2,4,3,3,12,918.3716388901483,959.8776665746111,934.7026406530508,-449.1858194450742,0.6036554680196793,3.0783035782368002,1456.0375925060066
1845,2,4,3,4,8,888.4270107438433,934.0836411967524,906.3911126830361,-433.21350537192166,0.59629228172047,3.055910815309396,1445.4458156413443
1846,2,4,3,4,9,936.3618044688089,982.018434921718,954.3259064080017,-457.18090223440447,0.6100222021426368,3.0926336008853057,1462.8156932187496
1847,2,4,3,4,10,921.2482759494962,966.9049064024053,939.212377888689,-449.6241379747481,0.6043763625402915,3.08247383837739,1458.0101255525055
1848,2,4,3,4,11,921.0737119565395,966.7303424094486,939.0378138957323,-449.5368559782697,0.6071816526288691,3.082400157696014,1457.9752745902144
1849,2,4,3,4,12,911.1311045859161,956.7877350388252,929.0952065251089,-444.56555229295805,0.6001202197226266,3.0645290077235496,1449.522220653239
1850,2,4,4,0,8,788.511095746356,821.7159178939262,801.575897156678,-386.255547873178,0.5537614651371571,2.9917535594430285,1415.0994336165525
1851,2,4,4,0,9,788.511095746356,821.7159178939262,801.575897156678,-386.255547873178,0.5537614651371571,2.9917535594430285,1415.0994336165525
1852,2,4,4,0,10,788.511095746356,821.7159178939262,801.575897156678,-386.255547873178,0.5537614651371571,2.9917535594430285,1415.0994336165525
1853,2,4,4,0,11,788.511095746356,821.7159178939262,801.575897156678,-386.255547873178,0.5537614651371571,2.9917535594430285,1415.0994336165525
1854,2,4,4,0,12,788.511095746356,821.7159178939262,801.575897156678,-386.255547873178,0.5537614651371571,2.9917535594430285,1415.0994336165525
1855,2,4,4,1,8,932.8847238504927,970.2401487665093,947.582625437105,-457.44236192524636,0.6262868701407305,3.094492712458361,1463.6950529928047
1856,2,4,4,1,9,837.7893568292193,875.1447817452358,852.4872584158315,-409.89467841460964,0.5732949712762293,3.0199779102932176,1428.449551568692
1857,2,4,4,1,10,802.9953621542146,840.3507870702311,817.6932637408269,-392.4976810771073,0.5567093159072323,2.9979200720909605,1418.0161940990242
1858,2,4,4,1,11,846.9348187445307,884.2902436605473,861.632720331143,-414.46740937226537,0.57733239158336,3.027466591058878,1431.9916975708493
1859,2,4,4,1,12,951.068426575638,988.4238514916545,965.7663281622503,-466.534213287819,0.6389404266788253,3.114635573789393,1473.222626402383
1860,2,4,4,2,8,893.8049745625134,935.3110022469762,910.1359763254159,-436.9024872812567,0.5659714989879753,3.015671504564228,1426.4126216588797
1861,2,4,4,2,9,883.4407707170664,924.9467984015291,899.7717724799688,-431.7203853585332,0.5890473761417769,3.04586909052203,1440.6960798169202
1862,2,4,4,2,10,835.7862201239516,877.2922478084143,852.117221886854,-407.8931100619758,0.5728887214786595,3.0140956828134287,1425.6672579707517
1863,2,4,4,2,11,851.5079938127266,893.0140214971893,867.838995575629,-415.7539969063633,0.579735895538044,3.027634919748787,1432.0713170411761
1864,2,4,4,2,12,894.8058005167944,936.3118282012572,911.1368022796969,-437.4029002583972,0.60523220651344,3.0629881402686236,1448.793390347059
1865,2,4,4,3,8,814.7039671900302,860.3605976429393,832.668069129223,-396.3519835950151,0.565803777131898,3.003290738223655,1420.5565191797887
1866,2,4,4,3,9,950.3578844844382,996.0145149373473,968.321986423631,-464.1789422422191,0.6283737333425643,3.1086289077238303,1470.3814733533718
1867,2,4,4,3,10,976.0314520555045,1021.6880825084136,993.9955539946973,-477.01572602775224,0.635440331118548,3.131253068656255,1481.0827014744086
1868,2,4,4,3,11,787.9798598286042,833.6364902815133,805.943961767797,-382.9899299143021,0.5482038172714193,2.986683253409345,1412.70117886262
1869,2,4,4,3,12,895.2764055032143,940.9330359561234,913.2405074424071,-436.63820275160714,0.5982633819599911,3.0568799668801403,1445.9042243343063
1870,2,4,4,4,8,907.2022539539594,957.0094871753147,926.7994560694424,-441.6011269769797,0.6014592794370982,3.0690941956202904,1451.6815545283973
1871,2,4,4,4,9,945.787438963941,995.5946721852963,965.384641079424,-460.8937194819705,0.6200835954558552,3.1010892677847064,1466.815223662166
1872,2,4,4,4,10,808.4858423564754,858.2930755778307,828.0830444719584,-392.2429211782377,0.557471612130152,2.9977330632049903,1417.9277388959604
1873,2,4,4,4,11,879.6149106719959,929.4221438933512,899.2121127874789,-427.80745533599793,0.5906350348844708,3.0466685358490544,1441.0742174566028
1874,2,4,4,4,12,878.3381858698367,928.145419091192,897.9353879853197,-427.16909293491835,0.5900141323440747,3.0467091866252174,1441.0934452737279
1875,3,0,0,0,8,684.5862440178526,705.3817209603122,692.7655431602925,-337.2931220089263,0.37519846624845554,0.24308265237637391,114.97809457402487
1876,3,0,0,0,9,684.5862440178526,705.3817209603122,692.7655431602925,-337.2931220089263,0.37519846624845554,0.24308265237637391,114.97809457402487
1877,3,0,0,0,10,684.5862440178526,705.3817209603122,692.7655431602925,-337.2931220089263,0.37519846624845554,0.24308265237637391,114.97809457402487
1878,3,0,0,0,11,684.5862440178526,705.3817209603122,692.7655431602925,-337.2931220089263,0.37519846624845554,0.24308265237637391,114.97809457402487
1879,3,0,0,0,12,684.5862440178526,705.3817209603122,692.7655431602925,-337.2931220089263,0.37519846624845554,0.24308265237637391,114.97809457402487
1880,3,0,0,1,8,1032.3986148711476,1057.3531872020992,1042.2137738420756,-510.1993074355738,0.517447884752174,0.45062771782602,213.14691053170748
1881,3,0,0,1,9,686.4301562935125,711.3847286244641,696.2453152644405,-337.21507814675624,0.3754522921096404,0.2429955669249098,114.93690315548234
1882,3,0,0,1,10,685.7294196100497,710.6839919410013,695.5445785809777,-336.86470980502486,0.3744173732788659,0.242661212960154,114.77875373015284
1883,3,0,0,1,11,654.920034262779,679.8746065937306,664.735193233707,-321.4600171313895,0.36294326483177874,0.22737084447755013,107.54640943788121
1884,3,0,0,1,12,641.3425622969596,666.2971346279112,651.1577212678876,-314.6712811484798,0.3555110156486645,0.22087583015314755,104.47426766243879
1885,3,0,0,2,8,676.2143812209125,705.328048940356,687.6654000203284,-331.10719061045626,0.37121717216932615,0.23663440835044666,111.92807514976127
1886,3,0,0,2,9,686.7782852603082,715.8919529797517,698.2293040597242,-336.3891426301541,0.37501830659804136,0.2421255361511228,114.52537859948109
1887,3,0,0,2,10,686.5415562645305,715.6552239839741,697.9925750639466,-336.27077813226526,0.3743247377956835,0.2420364055669539,114.4832198331692
1888,3,0,0,2,11,656.8029755986457,685.9166433180892,668.2539943980616,-321.40148779932287,0.3627019713106029,0.22731577559299487,107.52036185548657
1889,3,0,0,2,12,610.7481490577036,639.8618167771472,622.1991678571196,-298.3740745288518,0.34438565580066155,0.20584221713480833,97.36336870476434
1890,3,0,0,3,8,634.4826636172429,667.7554267251784,647.5695422451469,-309.24133180862145,0.35637803892915,0.2155212910524692,101.94157066781793
1891,3,0,0,3,9,686.0399455338998,719.3127086418352,699.1268241618037,-335.0199727669499,0.3735161177107751,0.2406579060868397,113.83118957907519
1892,3,0,0,3,10,688.0077736084318,721.2805367163672,701.0946522363357,-336.0038868042159,0.37342700441299126,0.24175998283521669,114.3524718810575
1893,3,0,0,3,11,657.744174870322,691.0169379782575,670.831053498226,-320.872087435161,0.3630509844118308,0.22678691877152818,107.27021257893283
1894,3,0,0,3,12,593.787791311425,627.0605544193605,606.874669939329,-288.8938956557125,0.33731719764789064,0.19733974279761574,93.34169834327224
1895,3,0,0,4,8,627.3844450700815,664.8163035665089,642.1071835264735,-304.69222253504074,0.3544570700605149,0.21129768546762717,99.94380522618765
1896,3,0,0,4,9,648.091123279926,685.5229817763534,662.813861736318,-315.045561639963,0.3581486430241221,0.22071997043032016,104.40054601354143
1897,3,0,0,4,10,688.8153005109593,726.2471590073867,703.5380389673513,-335.40765025547967,0.3718428296063564,0.24111942397171515,114.04948753862126
1898,3,0,0,4,11,658.6942572262583,696.1261157226857,673.4169956826503,-320.34712861312914,0.3629897534759793,0.22626843332189175,107.0249689612548
1899,3,0,0,4,12,589.9290193850013,627.3608778814287,604.6517578413933,-285.96450969250066,0.33613013555404164,0.1948780462213176,92.17731586268323
1900,3,0,1,0,8,686.5632369341755,711.5178092651271,696.3783959051035,-337.28161846708775,0.37513297885835545,0.24307076699515473,114.97247278870819
1901,3,0,1,0,9,686.5632369341755,711.5178092651271,696.3783959051035,-337.28161846708775,0.37513297885835545,0.24307076699515473,114.97247278870819
1902,3,0,1,0,10,686.5632369341755,711.5178092651271,696.3783959051035,-337.28161846708775,0.37513297885835545,0.24307076699515473,114.97247278870819
1903,3,0,1,0,11,686.5632369341755,711.5178092651271,696.3783959051035,-337.28161846708775,0.37513297885835545,0.24307076699515473,114.97247278870819
1904,3,0,1,0,12,686.5632369341755,711.5178092651271,696.3783959051035,-337.28161846708775,0.37513297885835545,0.24307076699515473,114.97247278870819
1905,3,0,1,1,8,1060.4590540134216,1089.5727217328651,1071.9100728128376,-523.2295270067108,0.5459141546754684,0.488021541836405,230.83418928861957
1906,3,0,1,1,9,688.4108456428492,717.5245133622927,699.8618644422652,-337.2054228214246,0.37539026755391725,0.24298495396143263,114.93188322375764
1907,3,0,1,1,10,687.6856154697047,716.7992831891481,699.1366342691206,-336.84280773485233,0.37427649011421976,0.2426389865445196,114.76824063555777
1908,3,0,1,1,11,656.8149393208341,685.9286070402777,668.2659581202502,-321.40746966041706,0.3630877236555393,0.22732176825289305,107.52319638361841
1909,3,0,1,1,12,643.2358088277254,672.3494765471689,654.6868276271414,-314.6179044138627,0.3553897140969564,0.22083459454660348,104.45476322054344
1910,3,0,1,2,8,678.4038128910686,711.6765759990041,691.4906915189725,-331.2019064455343,0.37135474742335234,0.23674459662908728,111.98019420555829
1911,3,0,1,2,9,688.5904198111768,721.8631829191123,701.6772984390808,-336.2952099055884,0.37489903098810107,0.24202749879985508,114.47900693233146
1912,3,0,1,2,10,688.5001547940949,721.7729179020304,701.5870334219989,-336.25007739704745,0.37411830039290395,0.24201625239576413,114.47368738319643
1913,3,0,1,2,11,658.7451178376683,692.0178809456038,671.8319964655723,-321.37255891883416,0.3628337037706842,0.22729196372662497,107.5090988426936
1914,3,0,1,2,12,613.7612921553671,647.0340552633025,626.848170783271,-298.88064607768354,0.3450689590206292,0.2062327177125405,97.54807547803166
1915,3,0,1,3,8,636.5956744543519,674.0275329507792,651.3184129107439,-309.29783722717593,0.3564072064220336,0.21557744567128592,101.96813180251824
1916,3,0,1,3,9,687.9881946586662,725.4200531550936,702.7109331150582,-334.9940973293331,0.3735481271628012,0.24063270707542855,113.8192704466777
1917,3,0,1,3,10,690.0139633603792,727.4458218568066,704.7367018167712,-336.0069816801896,0.373474631718896,0.24176252150022828,114.35367266960797
1918,3,0,1,3,11,659.6029528640966,697.0348113605239,674.3256913204885,-320.8014764320483,0.3631104387476005,0.22671973518061225,107.2384347404296
1919,3,0,1,3,12,596.3679541942771,633.7998126907045,611.0906926506691,-289.18397709713855,0.33811100575136144,0.19765327532030882,93.48999922650607
1920,3,0,1,4,8,627.519014376343,669.1099682612623,643.8776126612229,-303.7595071881715,0.3545196635199788,0.2104340834664436,99.53532147962783
1921,3,0,1,4,9,650.4300365055125,692.0209903904318,666.7886347903924,-315.21501825275624,0.3582717991608618,0.22088566306273794,104.47891862867505
1922,3,0,1,4,10,690.82062610737,732.4115799922894,707.1792243922499,-335.410313053685,0.3716629029201103,0.2411289631496515,114.05399956978515
1923,3,0,1,4,11,661.0257073139303,702.6166611988497,677.3843055988102,-320.51285365696515,0.36314101248514463,0.2264471537247168,107.10950371179105
1924,3,0,1,4,12,592.643423992873,634.2343778777923,609.0020222777529,-286.3217119964365,0.33674422258162134,0.19496607736175015,92.21895459210782
1925,3,0,2,0,8,681.5023637415708,710.6160314610142,692.9533825409867,-333.7511818707854,0.37206175523079793,0.23943739062110106,113.2538857637808
1926,3,0,2,0,9,681.5023637415708,710.6160314610142,692.9533825409867,-333.7511818707854,0.37206175523079793,0.23943739062110106,113.2538857637808
1927,3,0,2,0,10,681.5023637415708,710.6160314610142,692.9533825409867,-333.7511818707854,0.37206175523079793,0.23943739062110106,113.2538857637808
1928,3,0,2,0,11,681.5023637415708,710.6160314610142,692.9533825409867,-333.7511818707854,0.37206175523079793,0.23943739062110106,113.2538857637808
1929,3,0,2,0,12,681.5023637415708,710.6160314610142,692.9533825409867,-333.7511818707854,0.37206175523079793,0.23943739062110106,113.2538857637808
1930,3,0,2,1,8,1035.1680268014752,1068.4407899094106,1048.2549054293793,-509.5840134007376,0.5384393845517146,0.5217503966888227,246.78793763381316
1931,3,0,2,1,9,686.1085873177228,719.3813504256583,699.1954659456268,-335.0542936588614,0.3736050125212622,0.24073500253948799,113.86765620117782
1932,3,0,2,1,10,684.6119963579583,717.8847594658938,697.6988749858623,-334.30599817897917,0.37167884486149727,0.24005211441406937,113.54465011785481
1933,3,0,2,1,11,656.2185108941324,689.4912740020678,669.3053895220363,-320.1092554470662,0.3612256050885436,0.22606990860040288,106.93106676799056
1934,3,0,2,1,12,643.3693686170416,676.642131724977,656.4562472449455,-313.6846843085208,0.3544188657267465,0.2199844653101394,104.05265209169593
1935,3,0,2,2,8,677.7882009474916,715.220059443919,692.5109394038836,-329.8941004737458,0.369091138540415,0.23548766479276706,111.38566544697882
1936,3,0,2,2,9,686.3539513885453,723.7858098849727,701.0766898449373,-334.17697569427264,0.37202418075949467,0.23982759756302827,113.43845364731237
1937,3,0,2,2,10,686.9870237801551,724.4188822765825,701.7097622365471,-334.49351189007757,0.37246085569918447,0.24017644887574222,113.60346031822607
1938,3,0,2,2,11,658.1668835656951,695.5987420621225,672.8896220220871,-320.08344178284756,0.36075328210961094,0.22602359373355577,106.90915983597188
1939,3,0,2,2,12,614.270890434658,651.7027489310854,628.99362889105,-298.135445217329,0.3450006739909292,0.2056412057232704,97.26829030710691
1940,3,0,2,3,8,637.2754490218049,678.8664029067243,653.6340473066848,-308.63772451090244,0.3557655470348514,0.21496430081576987,101.67811428585915
1941,3,0,2,3,9,686.2336948842445,727.8246487691639,702.5922931691244,-333.11684744212226,0.37085049283176524,0.23873807393238264,112.92310897001698
1942,3,0,2,3,10,689.8085307071104,731.3994845920298,706.1671289919904,-334.9042653535552,0.37248435840952854,0.24063991002168372,113.8226774402564
1943,3,0,2,3,11,659.0814024935089,700.6723563784283,675.4400007783888,-319.54070124675445,0.36063182891930085,0.22550935531873523,106.66592506576177
1944,3,0,2,3,12,597.7462709645267,639.3372248494461,614.1048692494066,-288.87313548226336,0.338114918328802,0.1974431061210831,93.3905891952723
1945,3,0,2,4,8,629.001774890024,674.7518241634352,646.9962330033919,-303.500887445012,0.35422727931282105,0.2101895813695672,99.41967198780529
1946,3,0,2,4,9,651.1402008043392,696.8902500777505,669.1346589177072,-314.5701004021696,0.3579660409758448,0.22023086325514082,104.16919831968161
1947,3,0,2,4,10,690.7704213597228,736.5204706331341,708.7648794730908,-334.3852106798614,0.37080463605812153,0.24007217376375736,113.55413819025723
1948,3,0,2,4,11,662.6373454460675,708.3873947194787,680.6318035594354,-320.3186727230337,0.36290060539629654,0.22622500491541242,107.00442732499008
1949,3,0,2,4,12,594.5703487512985,640.3203980247098,612.5648068646665,-286.28517437564926,0.3369133189880845,0.19530921248786004,92.3812575067578
1950,3,0,3,0,8,672.2536186663625,705.526381774298,685.3404972942665,-328.12680933318126,0.36570530855299677,0.23385632628983713,110.61404233509296
1951,3,0,3,0,9,672.2536186663625,705.526381774298,685.3404972942665,-328.12680933318126,0.36570530855299677,0.23385632628983713,110.61404233509296
1952,3,0,3,0,10,672.2536186663625,705.526381774298,685.3404972942665,-328.12680933318126,0.36570530855299677,0.23385632628983713,110.61404233509296
1953,3,0,3,0,11,672.2536186663625,705.526381774298,685.3404972942665,-328.12680933318126,0.36570530855299677,0.23385632628983713,110.61404233509296
1954,3,0,3,0,12,672.2536186663625,705.526381774298,685.3404972942665,-328.12680933318126,0.36570530855299677,0.23385632628983713,110.61404233509296
1955,3,0,3,1,8,354019941.6392452,354019979.0711037,354019956.36198366,-177009961.8196226,1668.165452186818,176988122.15461004,83715381779.13055
1956,3,0,3,1,9,670.980965237241,708.4128237336683,685.703703693633,-326.4904826186205,0.36593942719283173,0.23225702087826516,109.85757087541943
1957,3,0,3,1,10,678.1465779078552,715.5784364042826,692.8693163642472,-330.0732889539276,0.36753904343438715,0.2357613545268494,111.51512069119977
1958,3,0,3,1,11,654.3372981297662,691.7691566261935,669.0600365861582,-318.1686490648831,0.35977699036017846,0.2241995450031248,106.04638478647803
1959,3,0,3,1,12,642.4881290416945,679.9199875381219,657.2108674980865,-312.24406452084725,0.35147325451030637,0.2186544020056638,103.42353214867897
1960,3,0,3,2,8,669.8813319605355,711.4722858454548,686.2399302454154,-324.94066598026774,0.36402858671377136,0.23069332167116133,109.1179411504593
1961,3,0,3,2,9,679.0448743486002,720.6358282335195,695.4034726334801,-329.5224371743001,0.366034451516826,0.2352640675532589,111.27990395269146
1962,3,0,3,2,10,680.3214527597897,721.9124066447091,696.6800510446697,-330.16072637989487,0.3672370589025763,0.2358873754950109,111.57472860914015
1963,3,0,3,2,11,657.3516974772864,698.9426513622058,673.7102957621663,-318.6758487386432,0.3600284701627875,0.2247220144153903,106.29351281847961
1964,3,0,3,2,12,613.4133482561865,655.0043021411059,629.7719465410664,-296.70667412809325,0.3425007308983276,0.20444012281892796,96.70017809335292
1965,3,0,3,3,8,634.945293548474,680.6953428218852,652.9397516618419,-306.472646774237,0.35314162942328764,0.21310950100061044,100.80079397328873
1966,3,0,3,3,9,678.828041977364,724.5780912507753,696.822500090732,-328.414020988682,0.3659033011858326,0.23412794095311398,110.74251607082292
1967,3,0,3,3,10,681.6783947802219,727.4284440536331,699.6728528935898,-329.83919739011094,0.366577770212525,0.23554681168151612,111.41364192535713
1968,3,0,3,3,11,657.92373398206,703.6737832554712,675.9181920954279,-317.96186699103,0.3596823673516591,0.2240363462781516,105.96919178956571
1969,3,0,3,3,12,597.603272522927,643.3533217963383,615.597730636295,-287.8016362614635,0.3350171222313839,0.19653475319892583,92.96093826309192
1970,3,0,3,4,8,627.7804419548701,677.6895866167732,647.4107598967261,-301.89022097743504,0.35093020179673373,0.20895639170952565,98.83637327860563
1971,3,0,3,4,9,647.1898752986442,697.0990199605474,666.8201932405002,-311.5949376493221,0.3531635303173999,0.21763451943247747,102.94112769156185
1972,3,0,3,4,10,682.9297510071888,732.8388956690919,702.5600689490448,-329.4648755035944,0.365281675241092,0.23516593690001733,111.2334881537082
1973,3,0,3,4,11,659.2274392608085,709.1365839227117,678.8577572026645,-317.61371963040426,0.35960289852776434,0.22369685724950955,105.80861347901802
1974,3,0,3,4,12,593.5841105000648,643.4932551619679,613.2144284419207,-284.7920552500324,0.3340395482386802,0.19390781089941578,91.71839455542366
1975,3,0,4,0,8,671.340447134752,708.7723056311794,686.063185591144,-326.670223567376,0.36764063420780113,0.23236692926906694,109.90955754426867
1976,3,0,4,0,9,671.340447134752,708.7723056311794,686.063185591144,-326.670223567376,0.36764063420780113,0.23236692926906694,109.90955754426867
1977,3,0,4,0,10,671.340447134752,708.7723056311794,686.063185591144,-326.670223567376,0.36764063420780113,0.23236692926906694,109.90955754426867
1978,3,0,4,0,11,671.340447134752,708.7723056311794,686.063185591144,-326.670223567376,0.36764063420780113,0.23236692926906694,109.90955754426867
1979,3,0,4,0,12,671.340447134752,708.7723056311794,686.063185591144,-326.670223567376,0.36764063420780113,0.23236692926906694,109.90955754426867
1980,3,0,4,1,8,1137.3225288403078,1178.9134827252271,1153.6811271251877,-558.6612644201539,0.596317696656201,0.5742791661614843,271.6340455943821
1981,3,0,4,1,9,672.9133829921559,714.5043368770753,689.2719812770358,-326.45669149607795,0.36702728700768616,0.23206816940265554,109.76824412745607
1982,3,0,4,1,10,674.9647881174285,716.5557420023479,691.3233864023084,-327.48239405871425,0.3684756785746563,0.23325635219774138,110.33025458953168
1983,3,0,4,1,11,650.9538949896561,692.5448488745755,667.312493274536,-315.47694749482804,0.35905523704784026,0.2216336924080014,104.83273650898467
1984,3,0,4,1,12,644.4053566441829,685.9963105291023,660.7639549290628,-312.20267832209146,0.35384811367784536,0.21865532863312395,103.42397044346762
1985,3,0,4,2,8,662.275008031497,708.0250573049083,680.269466144865,-320.1375040157485,0.3632947220484247,0.22601254115524722,106.90393196643193
1986,3,0,4,2,9,667.6604102696275,713.4104595430388,685.6548683829955,-322.83020513481375,0.360757136025864,0.2286599369299434,108.15615016786323
1987,3,0,4,2,10,674.4273122621985,720.1773615356097,692.4217703755664,-326.21365613109924,0.36814588276662774,0.23197270680765494,109.72309032002079
1988,3,0,4,2,11,654.2114967455566,699.9615460189679,672.2059548589245,-316.1057483727783,0.35977368494266326,0.22229522732334728,105.14564252394327
1989,3,0,4,2,12,615.7490609339472,661.4991102073585,633.7435190473152,-296.8745304669736,0.34414066712623703,0.2045184494299985,96.73722658038929
1990,3,0,4,3,8,631.2546729101259,681.1638175720291,650.8849908519819,-303.62733645506296,0.35270042546882735,0.21048139729970375,99.55770092275988
1991,3,0,4,3,9,667.0692556391541,716.9784003010573,686.6995735810101,-321.53462781957705,0.3614058971742758,0.22734074523436973,107.53217249585688
1992,3,0,4,3,10,675.9713810193796,725.8805256812827,695.6016989612356,-325.9856905096898,0.36872133772450283,0.231732924041703,109.60967307172552
1993,3,0,4,3,11,653.9170760878073,703.8262207497105,673.5473940296633,-314.9585380439037,0.3590577230489023,0.22114194818281577,104.60014149047186
1994,3,0,4,3,12,600.9268053604644,650.8359500223676,620.5571233023204,-288.4634026802322,0.3351592552201717,0.19674180727549664,93.05887484130992
1995,3,0,4,4,8,621.2835193470191,675.3517593974143,642.549697117363,-297.64175967350957,0.3501148487316452,0.20515908264850657,97.04024609274362
1996,3,0,4,4,9,640.2058102095459,694.2740502599411,661.4719879798898,-307.10290510477296,0.3513223899833338,0.21347853595917227,100.97534750868849
1997,3,0,4,4,10,675.4008710448643,729.4691110952594,696.6670488152082,-324.70043552243214,0.36750898145087196,0.2304221268025863,108.98966597762332
1998,3,0,4,4,11,654.8768109086777,708.9450509590729,676.1429886790216,-314.43840545433886,0.3589337126789766,0.2207002211861191,104.39120462103433
1999,3,0,4,4,12,598.0680245254698,652.136264575865,619.3342022958137,-286.0340122627349,0.3342663656659542,0.19439824404477066,91.95036943317652
2000,3,1,0,0,8,723.1467155787057,743.9316105066334,731.3225779070068,-356.5733577893528,0.4347113617786554,1.0039395639181177,474.8634137332696
2001,3,1,0,0,9,723.1467155787057,743.9316105066334,731.3225779070068,-356.5733577893528,0.4347113617786554,1.0039395639181177,474.8634137332696
2002,3,1,0,0,10,723.1467155787057,743.9316105066334,731.3225779070068,-356.5733577893528,0.4347113617786554,1.0039395639181177,474.8634137332696
2003,3,1,0,0,11,723.1467155787057,743.9316105066334,731.3225779070068,-356.5733577893528,0.4347113617786554,1.0039395639181177,474.8634137332696
2004,3,1,0,0,12,723.1467155787057,743.9316105066334,731.3225779070068,-356.5733577893528,0.4347113617786554,1.0039395639181177,474.8634137332696
2005,3,1,0,1,8,717.4913311714288,742.4332050849421,727.3023659653901,-352.7456655857144,0.43202362992421944,0.9996611017073496,472.83970110757633
2006,3,1,0,1,9,723.1522539187442,748.0941278322575,732.9632887127055,-355.5761269593721,0.4342696506670643,1.0028274627028333,474.33738985844013
2007,3,1,0,1,10,724.8798822786047,749.821756192118,734.690917072566,-356.43994113930233,0.4342926277306407,1.0037850388627452,474.79032338207844
2008,3,1,0,1,11,696.1308536359729,721.0727275494862,705.9418884299342,-342.06542681798646,0.4235383807917388,0.9880341240505657,467.34014067591755
2009,3,1,0,1,12,679.2501329242305,704.1920068377437,689.0611677181918,-333.6250664621152,0.4152495942021157,0.9792020961993251,463.16259150228075
2010,3,1,0,2,8,695.681735169995,724.7805880690939,707.1279424296166,-340.8408675849975,0.42229752795919334,0.9866028744354947,466.663159607989
2011,3,1,0,2,9,711.1235731712237,740.2224260703226,722.5697804308453,-348.56178658561186,0.42792787257847537,0.9949338799531904,470.60372521785905
2012,3,1,0,2,10,721.0512030195646,750.1500559186635,732.4974102791862,-353.5256015097823,0.43490796168108314,1.0004904148857081,473.23196624094
2013,3,1,0,2,11,698.1100448553468,727.2088977544457,709.5562521149684,-342.0550224276734,0.4236215864879706,0.9880217590666209,467.3342920385117
2014,3,1,0,2,12,642.6284959939062,671.7273488930051,654.0747032535278,-314.3142479969531,0.3988166121373803,0.959958205694072,454.06023129329606
2015,3,1,0,3,8,654.8584503766089,688.1142822612933,667.9398301018906,-319.42922518830443,0.40526600628722376,0.9647955755561628,456.348307238065
2016,3,1,0,3,9,707.8045698689414,741.0604017536258,720.8859495942231,-345.9022849344707,0.4259493385054828,0.9920154807405388,469.22332239027486
2017,3,1,0,3,10,720.693247810651,753.9490796953354,733.7746275359327,-352.3466239053255,0.43500671523535367,0.9991095135386002,472.5787999037579
2018,3,1,0,3,11,697.4679209169672,730.7237528016516,710.5493006422489,-340.7339604584836,0.42428892915604477,0.9865745953509488,466.6497836009988
2019,3,1,0,3,12,620.8139679254454,654.0697998101298,633.8953476507271,-302.4069839627227,0.3880349412950657,0.9488263742730436,448.7948750311496
2020,3,1,0,4,8,642.7282982334258,680.1411091036957,657.4448504243678,-312.3641491167129,0.40105322114066627,0.9579697246208537,453.1196797456638
2021,3,1,0,4,9,668.1514137671807,705.5642246374507,682.8679659581227,-325.0757068835903,0.40914716606469204,0.9701523716639868,458.88207179706575
2022,3,1,0,4,10,715.4556677001679,752.8684785704379,730.1722198911099,-348.7278338500839,0.4319528121881703,0.9949751789656687,470.62325965076127
2023,3,1,0,4,11,695.5678572737886,732.9806681440587,710.2844094647306,-338.7839286368943,0.42341275237234144,0.984447054858236,465.64345694794565
2024,3,1,0,4,12,615.7586052314559,653.171416101726,630.475157422398,-298.87930261572797,0.38496134921167746,0.945676768991919,447.3051117331777
2025,3,1,1,0,8,662.8036082084323,687.7454821219455,672.6146430023936,-325.4018041042161,0.4071836201430416,0.9709347474105793,459.252135525204
2026,3,1,1,0,9,662.8036082084323,687.7454821219455,672.6146430023936,-325.4018041042161,0.4071836201430416,0.9709347474105793,459.252135525204
2027,3,1,1,0,10,662.8036082084323,687.7454821219455,672.6146430023936,-325.4018041042161,0.4071836201430416,0.9709347474105793,459.252135525204
2028,3,1,1,0,11,662.8036082084323,687.7454821219455,672.6146430023936,-325.4018041042161,0.4071836201430416,0.9709347474105793,459.252135525204
2029,3,1,1,0,12,662.8036082084323,687.7454821219455,672.6146430023936,-325.4018041042161,0.4071836201430416,0.9709347474105793,459.252135525204
2030,3,1,1,1,8,663.5462326127299,692.6450855118288,674.9924398723515,-324.77311630636495,0.4069149574101201,0.9703317296816979,458.9669081394431
2031,3,1,1,1,9,664.0865545277641,693.185407426863,675.5327617873857,-325.04327726388203,0.4067199064913062,0.9705866973709009,459.0875078564361
2032,3,1,1,1,10,664.8035911705213,693.9024440696202,676.2497984301428,-325.40179558526063,0.40718329755079363,0.9709350845060147,459.25229497134495
2033,3,1,1,1,11,643.2596085469008,672.3584614459998,654.7058158065224,-314.6298042734504,0.40267623789197926,0.960420706069312,454.27899397078454
2034,3,1,1,1,12,632.6609056335143,661.7597585326132,644.1071128931359,-309.33045281675714,0.39534789022976824,0.9554386348326896,451.9224742758622
2035,3,1,1,2,8,653.6602571963572,686.9160890810416,666.7416369216389,-318.8301285981786,0.4026551213677692,0.9645167562862063,456.21642572337555
2036,3,1,1,2,9,661.5028711070262,694.7587029917106,674.5842508323079,-322.7514355535131,0.40364497194115206,0.9683360531118458,458.0229531219031
2037,3,1,1,2,10,663.2921403084747,696.5479721931591,676.3735200337564,-323.64607015423735,0.4075746413201269,0.9692015129048441,458.4323156039913
2038,3,1,1,2,11,646.6369411587109,679.8927730433953,659.7183208839926,-315.31847057935545,0.40262689749399977,0.9610773596355017,454.5895911075923
2039,3,1,1,2,12,610.65881477825,643.9146466629344,623.7401945035317,-297.329407389125,0.38534095267777574,0.9445354850754542,446.7652844406898
2040,3,1,1,3,8,630.999683042183,668.4124939124531,645.7162352331251,-306.4998415210915,0.39457289457479905,0.9528631610209716,450.70427516291954
2041,3,1,1,3,9,658.4787928041033,695.8916036743733,673.1953449950453,-320.2393964020516,0.4014135725841553,0.9658474095738858,456.845824728448
2042,3,1,1,3,10,665.2757563686175,702.6885672388876,679.9923085595595,-323.63787818430876,0.4078625851242925,0.9691921150253284,458.42787040698033
2043,3,1,1,3,11,645.6821427595794,683.0949536298494,660.3986949505214,-313.8410713797897,0.40326580138325685,0.9596522593155157,453.91551865623893
2044,3,1,1,3,12,598.1759899422433,635.5888008125132,612.8925421331853,-290.08799497112165,0.37955532633718003,0.9380904675536637,443.71679115288293
2045,3,1,1,4,8,617.5913776550685,659.1611675109241,633.9431023116707,-298.79568882753426,0.3935176145386446,0.9455764549800296,447.257663205554
2046,3,1,1,4,9,638.1721922516484,679.741982107504,654.5239169082506,-309.0860961258242,0.3932550837059145,0.955101635432612,451.76307355962547
2047,3,1,1,4,10,664.206263045292,705.7760529011475,680.5579877018941,-322.103131522646,0.40718213326921693,0.9676228941457755,457.6856289309518
2048,3,1,1,4,11,645.1471855469623,686.7169754028179,661.4989102035645,-312.57359277348115,0.4019191964863309,0.958460057182954,453.35160704753724
2049,3,1,1,4,12,594.7855002086417,636.3552900644972,611.1372248652439,-287.39275010432084,0.37755014750104493,0.9358251250812979,442.6452841634539
2050,3,1,2,0,8,619.6359206420782,648.7347735411771,631.0821279016998,-302.8179603210391,0.38800720489408186,0.949852893782517,449.28041875913055
2051,3,1,2,0,9,619.6359206420782,648.7347735411771,631.0821279016998,-302.8179603210391,0.38800720489408186,0.949852893782517,449.28041875913055
2052,3,1,2,0,10,619.6359206420782,648.7347735411771,631.0821279016998,-302.8179603210391,0.38800720489408186,0.949852893782517,449.28041875913055
2053,3,1,2,0,11,619.6359206420782,648.7347735411771,631.0821279016998,-302.8179603210391,0.38800720489408186,0.949852893782517,449.28041875913055
2054,3,1,2,0,12,619.6359206420782,648.7347735411771,631.0821279016998,-302.8179603210391,0.38800720489408186,0.949852893782517,449.28041875913055
2055,3,1,2,1,8,619.3404328503882,652.5962647350726,632.42181257567,-301.6702164251941,0.3862513812551062,0.9485878618998645,448.68205867863594
2056,3,1,2,1,9,606.8336745564318,640.0895064411162,619.9150542817135,-295.4168372782159,0.37905686434218766,0.9432283815002342,446.1470244496108
2057,3,1,2,1,10,610.0184167761145,643.2742486607989,623.0997965013962,-297.00920838805723,0.38326562267326764,0.9447045469984361,446.84525073026026
2058,3,1,2,1,11,651.5677290260122,684.8235609106966,664.649108751294,-317.7838645130061,0.4049390022508719,0.9633765041625318,455.6770864688776
2059,3,1,2,1,12,643.7931119264008,677.0489438110852,656.8744916516825,-313.8965559632004,0.3976678348646025,0.9596711361557259,453.9244474016583
2060,3,1,2,2,8,665.0958417903951,702.5086526606651,679.8123939813371,-323.54792089519754,0.40681288843274616,0.9689827356280558,458.3288339520704
2061,3,1,2,2,9,613.1971251064792,650.6099359767493,627.9136772974213,-297.5985625532396,0.3807889729954937,0.9452347910957795,447.0960561883037
2062,3,1,2,2,10,668.1218989647776,705.5347098350476,682.8384511557197,-325.0609494823888,0.4137875100614269,0.9704189428803137,459.0081599823884
2063,3,1,2,2,11,655.30356136567,692.7163722359401,670.020113556612,-318.651780682835,0.4047748883402789,0.9642268752786782,456.0793120068148
2064,3,1,2,2,12,615.4731088400027,652.8859197102727,630.1896610309448,-298.73655442000137,0.3870934532974489,0.9456473729468776,447.2912074038731
2065,3,1,2,3,8,631.2706554591375,672.8404453149931,647.6223801157397,-305.63532772956876,0.3981213650476589,0.951800961530813,450.2018548040745
2066,3,1,2,3,9,625.7767561160258,667.3465459718814,642.128480772628,-302.8883780580129,0.3853709593708699,0.9494271660839704,449.079049557718
2067,3,1,2,3,10,674.8969178717145,716.4667077275701,691.2486425283167,-327.4484589358573,0.41494897783463963,0.9727631535010584,460.1169716060006
2068,3,1,2,3,11,653.0589105022207,694.6287003580762,669.4106351588229,-316.52945525111033,0.4055175473140689,0.9621520862152053,455.0979367797921
2069,3,1,2,3,12,598.1731827639775,639.742972619833,614.5249074205797,-289.08659138198874,0.3783747774405112,0.9372551517311967,443.321686768856
2070,3,1,2,4,8,617.1337967737204,662.8605656151615,635.1206938959829,-297.5668983868602,0.3948826366531791,0.9444538592306182,446.7266754160824
2071,3,1,2,4,9,605.4533124473819,651.180081288823,623.4402095696444,-291.72665622369095,0.3768795746990261,0.9396028757711956,444.4321602397755
2072,3,1,2,4,10,676.3700817074996,722.0968505489407,694.356978829762,-327.1850408537498,0.4152819770825423,0.9724144210508628,459.95202115705814
2073,3,1,2,4,11,651.6514075559807,697.3781763974217,669.6383046782431,-314.8257037779903,0.4025220780835519,0.9605420678268883,454.3363980821182
2074,3,1,2,4,12,592.8501518628267,638.5769207042678,610.8370489850892,-285.42507593141335,0.37718085976782306,0.9340416010620737,441.8016773023609
2075,3,1,3,0,8,665.6469252513687,698.9027571360531,678.7283049766504,-324.82346262568433,0.4116351171413072,0.9701704923664753,458.8906428893428
2076,3,1,3,0,9,665.6469252513687,698.9027571360531,678.7283049766504,-324.82346262568433,0.4116351171413072,0.9701704923664753,458.8906428893428
2077,3,1,3,0,10,665.6469252513687,698.9027571360531,678.7283049766504,-324.82346262568433,0.4116351171413072,0.9701704923664753,458.8906428893428
2078,3,1,3,0,11,665.6469252513687,698.9027571360531,678.7283049766504,-324.82346262568433,0.4116351171413072,0.9701704923664753,458.8906428893428
2079,3,1,3,0,12,665.6469252513687,698.9027571360531,678.7283049766504,-324.82346262568433,0.4116351171413072,0.9701704923664753,458.8906428893428
2080,3,1,3,1,8,679.7791651174248,717.1919759876948,694.4957173083668,-330.8895825587124,0.4195296314424538,0.9762087366340428,461.74673242790226
2081,3,1,3,1,9,668.343410215557,705.7562210858271,683.059962406499,-325.1717051077785,0.41265550757210123,0.970517893018419,459.0549633977122
2082,3,1,3,1,10,665.4503917648532,702.8632026351231,680.1669439557952,-323.7251958824266,0.4079796419636157,0.9689858713598873,458.3303171532267
2083,3,1,3,1,11,649.3673959310203,686.7802068012902,664.0839481219623,-315.68369796551013,0.40203654970350194,0.961417109246264,454.7502926734829
2084,3,1,3,1,12,639.2657148184895,676.6785256887595,653.9822670094316,-310.63285740924476,0.3962282691739841,0.9566388981625702,452.4901988308957
2085,3,1,3,2,8,664.3127225217432,705.8825123775988,680.6644471783454,-322.1563612608716,0.4078650996527588,0.9673837467252412,457.5725122010391
2086,3,1,3,2,9,665.7576270533681,707.3274169092236,682.1093517099703,-322.87881352668404,0.4071658378192111,0.9682504063163414,457.9824421876295
2087,3,1,3,2,10,678.9591824002931,720.5289722561487,695.3109070568953,-329.47959120014656,0.41839881552877917,0.9746847470591865,461.0258853589952
2088,3,1,3,2,11,651.5896498824131,693.1594397382687,667.9413745390153,-315.79482494120657,0.4021176253299691,0.9615221883472475,454.79999508824807
2089,3,1,3,2,12,613.9245936249204,655.4943834807759,630.2763182815225,-296.9622968124602,0.3886051859586313,0.9441799813670488,446.5971311866141
2090,3,1,3,3,8,628.4287027377343,674.1554715791754,646.4155998599967,-303.21435136886714,0.3961582511217758,0.9496703416055815,449.19407157944005
2091,3,1,3,3,9,664.8180038924127,710.5447727338537,682.8049010146751,-321.40900194620633,0.40600179622394933,0.9668503117501067,457.3201974578005
2092,3,1,3,3,10,684.4032963753338,730.1300652167748,702.3901934975962,-331.2016481876669,0.42249140805276103,0.9765104722926083,461.88945339440374
2093,3,1,3,3,11,650.2755308295218,696.0022996709629,668.2624279517843,-314.1377654147609,0.4022555980898395,0.9598934166880697,454.029586093457
2094,3,1,3,3,12,602.1575047239794,647.8842735654205,620.1444018462419,-290.0787523619897,0.3807461178907854,0.9380853750268894,443.7143823877187
2095,3,1,3,4,8,618.5080535304082,668.3918013574349,638.1301231183309,-297.2540267652041,0.3943264360467453,0.9442442160754696,446.6275142036971
2096,3,1,3,4,9,640.4766120635695,690.3603598905962,660.0986816514921,-308.23830603178476,0.3919859942511999,0.9543148540478477,451.39092596463195
2097,3,1,3,4,10,679.5248055168468,729.4085533438735,699.1468751047694,-327.7624027584234,0.41770468627966184,0.9729696536690546,460.21464618546287
2098,3,1,3,4,11,649.0550234155486,698.9387712425753,668.6770930034712,-312.5275117077743,0.40075676740130106,0.9583352177804496,453.2925580101527
2099,3,1,3,4,12,599.0006086055134,648.8843564325401,618.6226781934361,-287.5003043027567,0.37916787274954133,0.9358643975286428,442.66386003104805
2100,3,1,4,0,8,617.5145483031683,654.9273591734384,632.2311004941104,-299.75727415158417,0.38525548623626005,0.9471563996410621,448.0049770302224
2101,3,1,4,0,9,617.5145483031683,654.9273591734384,632.2311004941104,-299.75727415158417,0.38525548623626005,0.9471563996410621,448.0049770302224
2102,3,1,4,0,10,617.5145483031683,654.9273591734384,632.2311004941104,-299.75727415158417,0.38525548623626005,0.9471563996410621,448.0049770302224
2103,3,1,4,0,11,617.5145483031683,654.9273591734384,632.2311004941104,-299.75727415158417,0.38525548623626005,0.9471563996410621,448.0049770302224
2104,3,1,4,0,12,617.5145483031683,654.9273591734384,632.2311004941104,-299.75727415158417,0.38525548623626005,0.9471563996410621,448.0049770302224
2105,3,1,4,1,8,615.8913566155138,657.4611464713694,632.243081272116,-297.9456783077569,0.38383141810026505,0.9455403091037484,447.240566206073
2106,3,1,4,1,9,598.616527439199,640.1863172950546,614.9682520958012,-289.3082637195995,0.3768702956143264,0.9380354593054215,443.6907722514644
2107,3,1,4,1,10,607.8137245994337,649.3835144552893,624.1654492560359,-293.90686229971686,0.3819888031051832,0.9419130871086695,445.5248902024007
2108,3,1,4,1,11,649.0581673006951,690.6279571565507,665.4098919572973,-314.52908365034756,0.4008960684525753,0.9603782062222703,454.25889154313387
2109,3,1,4,1,12,639.6963927444506,681.2661826003061,656.0481174010528,-309.8481963722253,0.39759588231032506,0.9559249505723271,452.1525016207107
2110,3,1,4,2,8,655.5072074652558,701.2339763066968,673.4941045875182,-316.7536037326279,0.401546483218589,0.9624094000182656,455.21964620863963
2111,3,1,4,2,9,657.9182635965595,703.6450324380006,675.905160718822,-317.95913179827977,0.40187571418063106,0.9631742103040624,455.5814014738215
2112,3,1,4,2,10,666.3514232133433,712.0781920547844,684.3383203356058,-322.17571160667165,0.4066307060495746,0.9677933431957196,457.7662513315754
2113,3,1,4,2,11,651.5471653388134,697.2739341802545,669.5340624610759,-314.7735826694067,0.40164567008794133,0.9605749387128316,454.35194601116933
2114,3,1,4,2,12,615.4374662499276,661.1642350913687,633.4243633721901,-296.7187331249638,0.3856588130837057,0.9439461772160199,446.48654182317745
2115,3,1,4,3,8,633.3922698739336,683.2760177009603,653.0143394618563,-304.6961349369668,0.39700175727063125,0.9509732230863224,449.81033451983046
2116,3,1,4,3,9,658.8034498879938,708.6871977150205,678.4255194759164,-317.4017249439969,0.3991448991178114,0.9631359714621712,455.563314501607
2117,3,1,4,3,10,608.4641915823781,658.3479394094048,628.0862611703008,-292.23209579118907,0.37654068829942783,0.9404373816156214,444.8268815041889
2118,3,1,4,3,11,650.700659662469,700.5844074894957,670.3227292503916,-313.3503298312345,0.4009469015348826,0.9592369113674294,453.7190590767941
2119,3,1,4,3,12,603.0750181930048,652.9587660200315,622.6970877809274,-289.5375090965024,0.3787866931240104,0.9375179598188397,443.44599499431115
2120,3,1,4,4,8,620.6719926521489,674.7127194647611,641.9292347057318,-297.33599632607445,0.39416845494966757,0.9443011084516189,446.6544242976157
2121,3,1,4,4,9,645.8804064535941,699.9211332662063,667.137648507177,-309.94020322679705,0.39834628066429195,0.9555767057585486,451.98778182379345
2122,3,1,4,4,10,664.0482645318846,718.0889913444968,685.3055065854675,-319.0241322659423,0.40252855113754515,0.9647249463950667,456.31489964486656
2123,3,1,4,4,11,650.8747764067848,704.915503219397,672.1320184603677,-312.4373882033924,0.40081639733733876,0.9582997589592502,453.2757859877254
2124,3,1,4,4,12,598.6148584536415,652.6555852662538,619.8721005072244,-286.3074292268208,0.3778375046034023,0.9345130982587088,442.02469547636923
2125,3,2,0,0,8,862.9183973285399,883.6926877986219,871.0908143682518,-426.45919866426993,0.5156992597647215,1.2966389628880166,613.3102294460318
2126,3,2,0,0,9,862.9183973285399,883.6926877986219,871.0908143682518,-426.45919866426993,0.5156992597647215,1.2966389628880166,613.3102294460318
2127,3,2,0,0,10,862.9183973285399,883.6926877986219,871.0908143682518,-426.45919866426993,0.5156992597647215,1.2966389628880166,613.3102294460318
2128,3,2,0,0,11,862.9183973285399,883.6926877986219,871.0908143682518,-426.45919866426993,0.5156992597647215,1.2966389628880166,613.3102294460318
2129,3,2,0,0,12,862.9183973285399,883.6926877986219,871.0908143682518,-426.45919866426993,0.5156992597647215,1.2966389628880166,613.3102294460318
2130,3,2,0,1,8,858.5274454744658,883.4565940385643,868.3343459221202,-423.2637227372329,0.5125196861421848,1.2918122028485368,611.0271719473579
2131,3,2,0,1,9,858.9518078468986,883.8809564109971,868.758708294553,-423.4759039234493,0.5130284608631229,1.292126201130239,611.1756931346031
2132,3,2,0,1,10,864.6293860483022,889.5585346124006,874.4362864959566,-426.3146930241511,0.5154173681281335,1.2964228236292723,613.2079955766458
2133,3,2,0,1,11,840.6024223718885,865.5315709359869,850.4093228195428,-414.3012111859442,0.508159390767532,1.278509246411343,604.7348735525652
2134,3,2,0,1,12,819.6928322620026,844.6219808261011,829.499732709657,-403.8464161310013,0.49350868636241774,1.2635355957873966,597.6523368074386
2135,3,2,0,2,8,837.8676041890977,866.9516108472127,849.3089880446944,-411.93380209454887,0.501296248363468,1.2750217094167735,603.0852685541339
2136,3,2,0,2,9,858.3402606193995,887.4242672775144,869.7816444749961,-422.17013030969974,0.5121249123172819,1.290145184580312,610.2386723064876
2137,3,2,0,2,10,861.1389880177758,890.2229946758907,872.5803718733724,-423.5694940088879,0.5156704277986072,1.2922315847988326,611.2255396098478
2138,3,2,0,2,11,842.4337474858391,871.5177541439541,853.8751313414358,-414.2168737429196,0.5082249264050566,1.2783860174587551,604.6765862579912
2139,3,2,0,2,12,786.0874815918522,815.1714882499672,797.5288654474489,-386.0437407959261,0.4744739865265941,1.2394839268357356,586.2758973933029
2140,3,2,0,3,8,798.8064743164642,832.0453390685956,811.8823415800033,-391.4032371582321,0.4818121642207408,1.2465638179795542,589.6246859043291
2141,3,2,0,3,9,849.8368182599188,883.0756830120501,862.9126855234579,-416.9184091299594,0.5022802256304355,1.2822392213847336,606.499151714979
2142,3,2,0,3,10,863.016359490502,896.2552242426334,876.0922267540411,-423.508179745251,0.5147890913081599,1.2921416264658676,611.1829893183553
2143,3,2,0,3,11,839.1395651368547,872.378429888986,852.2154324003938,-411.56978256842734,0.5046424130780601,1.2744756303638192,602.8269731620865
2144,3,2,0,3,12,767.3857232750591,800.6245880271905,780.4615905385982,-375.6928616375296,0.4643942173748699,1.2261493268874273,579.9686316177531
2145,3,2,0,4,8,784.6443062020837,822.0380290482315,799.3546568735652,-383.32215310104186,0.47788344934323834,1.235968519245869,584.613109603296
2146,3,2,0,4,9,813.2424443921956,850.6361672383433,827.9527950636771,-397.6212221960978,0.4834600924801742,1.2545317124013868,593.393499965856
2147,3,2,0,4,10,859.4161680670531,896.8098909132009,874.1265187385346,-420.7080840335266,0.5109896688258592,1.2878448516664542,609.1506148382329
2148,3,2,0,4,11,839.9016181821598,877.2953410283076,854.6119688536413,-410.9508090910799,0.5041240553265932,1.2735805822031565,602.403615382093
2149,3,2,0,4,12,764.1444186710352,801.5381415171829,778.8547693425166,-373.0722093355176,0.4639064597869897,1.2228720176590375,578.4184643527248
2150,3,2,1,0,8,730.8668965402675,755.7960451043659,740.6737969879218,-359.43344827013374,0.4580551862381166,1.2080211009912318,571.3939807688527
2151,3,2,1,0,9,730.8668965402675,755.7960451043659,740.6737969879218,-359.43344827013374,0.4580551862381166,1.2080211009912318,571.3939807688527
2152,3,2,1,0,10,730.8668965402675,755.7960451043659,740.6737969879218,-359.43344827013374,0.4580551862381166,1.2080211009912318,571.3939807688527
2153,3,2,1,0,11,730.8668965402675,755.7960451043659,740.6737969879218,-359.43344827013374,0.4580551862381166,1.2080211009912318,571.3939807688527
2154,3,2,1,0,12,730.8668965402675,755.7960451043659,740.6737969879218,-359.43344827013374,0.4580551862381166,1.2080211009912318,571.3939807688527
2155,3,2,1,1,8,727.1608895856832,756.2448962437982,738.6022734412799,-356.5804447928416,0.4563113810266022,1.2047099927310467,569.8278265617851
2156,3,2,1,1,9,731.0429787153207,760.1269853734357,742.4843625709174,-358.52148935766036,0.4574707875578055,1.2069543393689894,570.889402521532
2157,3,2,1,1,10,732.629922272292,761.713928930407,744.0713061278886,-359.314961136146,0.4576207093204734,1.207900082249658,571.3367389040882
2158,3,2,1,1,11,704.5814403555224,733.6654470136374,716.0228242111191,-345.2907201777612,0.4468126544548748,1.1922328111594411,563.9261196784156
2159,3,2,1,1,12,686.6099128790506,715.6939195371656,698.0512967346473,-336.3049564395253,0.43849231243195885,1.1828663767363163,559.4957961962776
2160,3,2,1,2,8,705.7630387233726,739.0019034755039,718.8389059869116,-344.8815193616863,0.44683736305459726,1.1917236535647864,563.685288136144
2161,3,2,1,2,9,722.007827163691,755.2466919158223,735.0836944272301,-353.0039135818455,0.4518135783431355,1.2006558726018985,567.910227740698
2162,3,2,1,2,10,729.6518180473497,762.890682799481,742.7276853108888,-356.82590902367485,0.4590446695130998,1.2050280738152075,569.9782789145931
2163,3,2,1,2,11,706.8782583129046,740.1171230650359,719.9541255764436,-345.4391291564523,0.44731309157638866,1.1925031678493183,564.0539983927275
2164,3,2,1,2,12,652.309439380727,685.5483041328583,665.385306644266,-318.1547196903635,0.4229555347150752,1.1645853480638,550.8488696341774
2165,3,2,1,3,8,664.251475591954,701.6451984381017,678.9618262634355,-323.125737795977,0.42928725975228194,1.1694429679122254,553.1465238224825
2166,3,2,1,3,9,720.0335364082728,757.4272592544205,734.7438870797542,-351.0167682041364,0.4514418635173935,1.198386811944357,566.8369620496809
2167,3,2,1,3,10,729.2561417596762,766.649864605824,743.9664924311577,-355.6280708798381,0.459041597854437,1.2036215740076348,569.3130045056113
2168,3,2,1,3,11,706.2007415795646,743.5944644257123,720.9110922510461,-344.1003707897823,0.44826391764914636,1.1910983057182194,563.3894986047178
2169,3,2,1,3,12,631.0482180299305,668.4419408760782,645.758568701412,-306.52410901496523,0.41253375462260217,1.1535190632939953,545.6145169380598
2170,3,2,1,4,8,658.6760598584351,700.2246407985992,675.020893937859,-319.33802992921756,0.42678075648874325,1.1656290487971033,551.3425400810298
2171,3,2,1,4,9,682.07978246285,723.6283634030141,698.4246165422738,-331.039891231425,0.4329356152349618,1.1766631993901422,556.5616933115373
2172,3,2,1,4,10,727.3799735681886,768.9285545083527,743.7248076476125,-353.6899867840943,0.4565519344224212,1.2013952734559492,568.259964344664
2173,3,2,1,4,11,704.7381757014509,746.286756641615,721.0830097808748,-342.36908785072546,0.4466221049247725,1.189235756606658,562.5085128749492
2174,3,2,1,4,12,625.5734379588412,667.1220188990053,641.9182720382651,-302.7867189794206,0.4091084548208498,1.1499973162466306,543.9487305846562
2175,3,2,2,0,8,737.056142610259,766.140149268374,748.4975264658557,-361.5280713051295,0.4600604216904362,1.210468598294665,572.5516469933766
2176,3,2,2,0,9,737.056142610259,766.140149268374,748.4975264658557,-361.5280713051295,0.4600604216904362,1.210468598294665,572.5516469933766
2177,3,2,2,0,10,737.056142610259,766.140149268374,748.4975264658557,-361.5280713051295,0.4600604216904362,1.210468598294665,572.5516469933766
2178,3,2,2,0,11,737.056142610259,766.140149268374,748.4975264658557,-361.5280713051295,0.4600604216904362,1.210468598294665,572.5516469933766
2179,3,2,2,0,12,737.056142610259,766.140149268374,748.4975264658557,-361.5280713051295,0.4600604216904362,1.210468598294665,572.5516469933766
2180,3,2,2,1,8,731.6004179060661,764.8392826581975,744.6762851696052,-357.80020895303306,0.4571039475907514,1.206116856705406,570.493273221657
2181,3,2,2,1,9,736.4680450167648,769.7069097688961,749.5439122803039,-360.2340225083824,0.4592154118465943,1.2087763311189164,571.7512046192475
2182,3,2,2,1,10,739.3380514357638,772.5769161878951,752.4139186993028,-361.6690257178819,0.46002297895819694,1.2106366939744178,572.6311562498996
2183,3,2,2,1,11,707.5716114113386,740.81047616347,720.6474786748777,-345.7858057056693,0.44722193443029384,1.1929286875537661,564.2552692129314
2184,3,2,2,1,12,681.3234096599622,714.5622744120935,694.3992769235012,-332.6617048299811,0.4369099471875253,1.1791744144189351,557.7494980201564
2185,3,2,2,2,8,706.8711386197631,744.2648614659108,721.5814892912446,-344.43556930988154,0.4466372967992924,1.1912624400693923,563.4671341528226
2186,3,2,2,2,9,728.5399575271622,765.9336803733099,743.2503081986437,-355.2699787635811,0.4560698222487899,1.203320123900772,569.1704186050652
2187,3,2,2,2,10,734.5702589043178,771.9639817504656,749.2806095757993,-358.2851294521589,0.45975582154318195,1.2067065387824036,570.7721928440769
2188,3,2,2,2,11,709.5178837459389,746.9116065920866,724.2282344174204,-345.75894187296944,0.44733748054529315,1.1929012504535794,564.2422914645431
2189,3,2,2,2,12,649.9243047473071,687.3180275934549,664.6346554187886,-315.96215237365357,0.4206351409022192,1.1625866571486145,549.9034888312947
2190,3,2,2,3,8,666.3180083281659,707.86658926833,682.6628424075898,-323.15900416408294,0.4289302684074796,1.1694614366486278,553.155259534801
2191,3,2,2,3,9,721.0796366743007,762.6282176144648,737.4244707537246,-350.53981833715034,0.45176025051494706,1.1979904951131304,566.6495041885107
2192,3,2,2,3,10,735.9817670318505,777.5303479720146,752.3266011112744,-357.99088351592525,0.4608041272098942,1.2063582152149552,570.6074357966738
2193,3,2,2,3,11,708.2706406736359,749.8192216138,724.6154747530597,-344.1353203368179,0.4469683645021543,1.1911365938608354,563.4076088961751
2194,3,2,2,3,12,633.1174639567434,674.6660448969076,649.4622980361673,-306.5587319783717,0.4118780311109828,1.1530995979535674,545.4161098320374
2195,3,2,2,4,8,654.3335346084434,700.036973642624,672.3128520958096,-316.1667673042217,0.42473116606833217,1.1626736612294604,549.9446417615347
2196,3,2,2,4,9,684.1842678498274,729.887706884008,702.1635853371936,-331.0921339249137,0.4361721567467437,1.1770884325209188,556.7628285823946
2197,3,2,2,4,10,731.7867363873615,777.4901754215422,749.7660538747277,-354.8933681936808,0.45878901210804973,1.2028514218180741,568.9487225199491
2198,3,2,2,4,11,707.1761451972924,752.879584231473,725.1554626846586,-342.5880725986462,0.44623576253527836,1.1894694107130084,562.6190312672529
2199,3,2,2,4,12,630.5043662822197,676.2078053164004,648.4836837695859,-304.25218314110987,0.41025579122699496,1.1513122516882,544.5706950485186
2200,3,2,3,0,8,738.8136119030619,772.0524766551932,751.889479166601,-361.40680595153094,0.4618093230336235,1.2102884997888552,572.4664604001285
2201,3,2,3,0,9,738.8136119030619,772.0524766551932,751.889479166601,-361.40680595153094,0.4618093230336235,1.2102884997888552,572.4664604001285
2202,3,2,3,0,10,738.8136119030619,772.0524766551932,751.889479166601,-361.40680595153094,0.4618093230336235,1.2102884997888552,572.4664604001285
2203,3,2,3,0,11,738.8136119030619,772.0524766551932,751.889479166601,-361.40680595153094,0.4618093230336235,1.2102884997888552,572.4664604001285
2204,3,2,3,0,12,738.8136119030619,772.0524766551932,751.889479166601,-361.40680595153094,0.4618093230336235,1.2102884997888552,572.4664604001285
2205,3,2,3,1,8,729.6559074951356,767.0496303412833,744.3662581666171,-355.8279537475678,0.45635679053223727,1.2038939265782802,569.4418272715266
2206,3,2,3,1,9,730.0748477471932,767.4685705933409,744.7851984186747,-356.0374238735966,0.4563039465792112,1.2039603171538458,569.473230013769
2207,3,2,3,1,10,738.9966908728782,776.3904137190259,753.7070415443596,-360.4983454364391,0.46048965409256576,1.2092578484242542,571.9789623046722
2208,3,2,3,1,11,704.5818204752684,741.9755433214161,719.2921711467499,-343.2909102376342,0.4451528699326974,1.1902886247247555,563.0065194948094
2209,3,2,3,1,12,689.5169443908771,726.9106672370249,704.2272950623586,-335.75847219543857,0.43820179079647437,1.1823293138114224,559.2417654328028
2210,3,2,3,2,8,701.0998510024917,742.6484319426559,717.4446850819156,-340.54992550124587,0.44276010338040395,1.1872033246733764,561.5471725705071
2211,3,2,3,2,9,721.6425631891552,763.1911441293194,737.9873972685791,-350.8212815945776,0.45342366521134925,1.1982063346230962,566.7515962767245
2212,3,2,3,2,10,737.4071746616734,778.9557556018375,753.7520087410973,-358.7035873308367,0.46061786728361936,1.207166375171378,570.9896954560618
2213,3,2,3,2,11,708.8675264543185,750.4161073944827,725.2123605337424,-344.43376322715926,0.446552257880131,1.1914736972862885,563.5670588164145
2214,3,2,3,2,12,653.0012439253646,694.5498248655288,669.3460780047885,-316.5006219626823,0.4213682072611911,1.1631120551397742,550.1520020811132
2215,3,2,3,3,8,665.2551143353537,710.9585533695343,683.2344318227199,-321.62755716767685,0.42676162008525514,1.168071599940989,552.4978667720878
2216,3,2,3,3,9,707.7328237567057,753.4362627908863,725.7121412440719,-342.86641187835284,0.44723021186444334,1.1896478532306882,562.7034345781155
2217,3,2,3,3,10,738.5667259239107,784.2701649580913,756.5460434112769,-358.28336296195533,0.46110349469566736,1.206667795699709,570.7538673659624
2218,3,2,3,3,11,707.5020930640483,753.2055320982289,725.4814105514145,-342.75104653202413,0.4462380066741038,1.1896331324767426,562.6964716614992
2219,3,2,3,3,12,633.4540938294235,679.1575328636042,651.4334113167897,-305.72704691471176,0.41136895682858,1.1528579873217695,545.301828003197
2220,3,2,3,4,8,656.4738207236994,706.3321178518964,676.087621619008,-316.2369103618497,0.4241288974903149,1.1628791819783029,550.0418530757372
2221,3,2,3,4,9,683.2900015301257,733.1482986583227,702.9038024254343,-329.64500076506283,0.43473708852827586,1.1755712500320348,556.0452012651524
2222,3,2,3,4,10,731.2114453745428,781.0697425027398,750.8252462698514,-353.6057226872714,0.4558935154882811,1.2013831668483566,568.2542379192727
2223,3,2,3,4,11,709.0207468357826,758.8790439639796,728.6345477310912,-342.5103734178913,0.4456300843812589,1.18932101135283,562.5488383698886
2224,3,2,3,4,12,628.9922970958544,678.8505942240514,648.606097991163,-302.4961485479272,0.40923819873135514,1.149785311509642,543.8484523440607
2225,3,2,4,0,8,737.5745686115938,774.9682914577415,752.2849192830753,-359.7872843057969,0.45918001317531904,1.2084371427528,571.5907685220744
2226,3,2,4,0,9,737.5745686115938,774.9682914577415,752.2849192830753,-359.7872843057969,0.45918001317531904,1.2084371427528,571.5907685220744
2227,3,2,4,0,10,737.5745686115938,774.9682914577415,752.2849192830753,-359.7872843057969,0.45918001317531904,1.2084371427528,571.5907685220744
2228,3,2,4,0,11,737.5745686115938,774.9682914577415,752.2849192830753,-359.7872843057969,0.45918001317531904,1.2084371427528,571.5907685220744
2229,3,2,4,0,12,737.5745686115938,774.9682914577415,752.2849192830753,-359.7872843057969,0.45918001317531904,1.2084371427528,571.5907685220744
2230,3,2,4,1,8,729.0973416872382,770.6459226274023,745.4421757666621,-354.5486708436191,0.4555339340239105,1.202438433603966,568.7533790946759
2231,3,2,4,1,9,732.9335156115231,774.4820965516873,749.278349690947,-356.4667578057616,0.4570616462523986,1.2045706195368293,569.7619030409203
2232,3,2,4,1,10,738.0526996516166,779.6012805917808,754.3975337310405,-359.0263498258083,0.45836972402223053,1.2075673512142093,571.179357124321
2233,3,2,4,1,11,701.6249418879028,743.1735228280669,717.9697759673267,-340.8124709439514,0.4442378585920334,1.1876526804948588,561.7597178740682
2234,3,2,4,1,12,691.4390112546482,732.9875921948124,707.7838453340721,-335.7195056273241,0.43495522093544564,1.1823632949165073,559.2578384955079
2235,3,2,4,2,8,699.6565146434144,745.3599536775951,717.6358321307806,-338.8282573217072,0.4416677692554693,1.185410086638555,560.6989709800365
2236,3,2,4,2,9,726.6178802988532,772.3213193330338,744.5971977862193,-352.3089401494266,0.4540496212646557,1.199983536573335,567.5922127991875
2237,3,2,4,2,10,735.7695505049821,781.4729895391628,753.7488679923483,-356.88477525249107,0.45774212289464,1.2051052519972194,570.0147841946848
2238,3,2,4,2,11,710.6772442857591,756.3806833199397,728.6565617731253,-344.33862214287956,0.44574961011312636,1.1914340423968688,563.5483020537189
2239,3,2,4,2,12,661.3267972451816,707.0302362793623,679.3061147325478,-319.6633986225908,0.42325020698406096,1.1661265930693967,551.5778785218247
2240,3,2,4,3,8,673.4709116077006,723.3292087358976,693.0847125030092,-324.7354558038503,0.42983001530042264,1.1711039071217295,553.932148068578
2241,3,2,4,3,9,719.0188947905585,768.8771919187556,738.6326956858671,-347.50944739527927,0.4518239390055644,1.194678959806196,565.0831479883307
2242,3,2,4,3,10,736.6109601636769,786.4692572918739,756.2247610589855,-356.3054800818384,0.4582518484124927,1.2044619245357366,569.7104903054035
2243,3,2,4,3,11,709.3552382048354,759.2135353330324,728.969039100144,-342.6776191024177,0.4447795274714701,1.1896201731094262,562.6903418807586
2244,3,2,4,3,12,642.0632462707556,691.9215433989526,661.6770471660642,-309.0316231353778,0.4132380656035452,1.1557992954199037,546.6930667336144
2245,3,2,4,4,8,661.9529980635571,715.9661532857705,683.2012823668081,-317.97649903177853,0.42519918550733465,1.1644963593220412,550.8067779593255
2246,3,2,4,4,9,685.762615798159,739.7757710203724,707.01090010141,-329.8813078990795,0.434679727727637,1.1759113309112965,556.2060595210432
2247,3,2,4,4,10,726.4795441386175,780.4926993608309,747.7278284418685,-350.23977206930874,0.4526005557639929,1.197677117225253,566.5012764475447
2248,3,2,4,4,11,708.7129506398471,762.7261058620605,729.9612349430981,-341.35647531992356,0.4415553206289032,1.1879207260948927,561.8865034428843
2249,3,2,4,4,12,635.9331069241315,689.9462621463449,657.1813912273825,-304.96655346206575,0.4115663697938891,1.1521582414915914,544.9708482255228
2250,3,3,0,0,8,1068.2672245690594,1089.03088804258,1076.436187806366,-529.1336122845297,0.6611167215721988,2.093730543333411,990.3345469967035
2251,3,3,0,0,9,1068.2672245690594,1089.03088804258,1076.436187806366,-529.1336122845297,0.6611167215721988,2.093730543333411,990.3345469967035
2252,3,3,0,0,10,1068.2672245690594,1089.03088804258,1076.436187806366,-529.1336122845297,0.6611167215721988,2.093730543333411,990.3345469967035
2253,3,3,0,0,11,1068.2672245690594,1089.03088804258,1076.436187806366,-529.1336122845297,0.6611167215721988,2.093730543333411,990.3345469967035
2254,3,3,0,0,12,1068.2672245690594,1089.03088804258,1076.436187806366,-529.1336122845297,0.6611167215721988,2.093730543333411,990.3345469967035
2255,3,3,0,1,8,1067.2049007577664,1092.121296925991,1077.0076566425344,-527.6024503788832,0.6603213581186747,2.09012931146452,988.6311643227181
2256,3,3,0,1,9,1056.1655128643094,1081.081909032534,1065.9682687490774,-522.0827564321547,0.6554458484728488,2.0773258805831754,982.575141515842
2257,3,3,0,1,10,1065.4227488280053,1090.3391449962298,1075.2255047127733,-526.7113744140026,0.6558281910556191,2.088045393724186,987.64547123154
2258,3,3,0,1,11,1058.742110024345,1083.6585061925696,1068.544865909113,-523.3710550121725,0.651231317260149,2.080274668749688,983.9699183186023
2259,3,3,0,1,12,1041.9626240176644,1066.879020185889,1051.7653799024324,-514.9813120088322,0.6389971936049553,2.0610762777014506,974.8890793527861
2260,3,3,0,2,8,1054.7332396061393,1083.802368469068,1066.1697881383686,-520.3666198030696,0.6565403027453306,2.0733265182476672,980.6834431311466
2261,3,3,0,2,9,1056.9889182496522,1086.0580471125809,1068.4254667818816,-521.4944591248261,0.6553549423904291,2.0759659839532922,981.9319104099072
2262,3,3,0,2,10,1062.4569316523357,1091.5260605152644,1073.893480184565,-524.2284658261678,0.6533137664662861,2.0822153106013412,984.8878419144345
2263,3,3,0,2,11,1059.647586204026,1088.7167150669547,1071.0841347362555,-522.823793102013,0.6495258318808733,2.0789981085694706,983.3661053533596
2264,3,3,0,2,12,1020.3730107100849,1049.4421395730137,1031.8095592423142,-503.18650535504247,0.6247352928312108,2.0351622835222956,962.6317601060458
2265,3,3,0,3,8,1029.0467396044846,1062.2686011621174,1042.1170807841754,-506.5233698022423,0.6363700912572012,2.04244208424845,966.0751058495167
2266,3,3,0,3,9,1046.399852637811,1079.6217141954437,1059.4701938175017,-515.1999263189055,0.6422557339475742,2.0615317700623623,975.1045272394974
2267,3,3,0,3,10,1057.163210182097,1090.3850717397297,1070.2335513617877,-520.5816050910485,0.6496363553990075,2.073696352744941,980.858374848357
2268,3,3,0,3,11,1054.4018567303401,1087.623718287973,1067.472197910031,-519.2009283651701,0.6451680936863272,2.0705172121712465,979.3546413569997
2269,3,3,0,3,12,1009.1350646025205,1042.3569261601533,1022.2054057822112,-496.56753230126026,0.61479586982682,2.0209931461746993,955.9297581406327
2270,3,3,0,4,8,1018.5173335672985,1055.8919278196354,1033.2214673944504,-500.25866678364923,0.631861995562433,2.0289780452661437,959.7066154108859
2271,3,3,0,4,9,1028.391918360437,1065.766512612774,1043.096052187589,-505.19595918021855,0.6241045420577628,2.0391971717149033,964.5402622211493
2272,3,3,0,4,10,1058.8184883017693,1096.1930825541062,1073.5226221289213,-520.4092441508847,0.6491462104635025,2.073291394372646,980.6668295382615
2273,3,3,0,4,11,1056.3318985189926,1093.7064927713295,1071.0360323461446,-519.1659492594963,0.6451065116209476,2.070438634078183,979.3174739189807
2274,3,3,0,4,12,1007.4633562645344,1044.8379505168714,1022.1674900916864,-494.7316781322672,0.6139020060762703,2.0171329641319997,954.103892034436
2275,3,3,1,0,8,871.8595984319725,896.7759946001971,881.6623543167404,-429.92979921598624,0.5463922976304545,1.9036762158765579,900.4388501096118
2276,3,3,1,0,9,871.8595984319725,896.7759946001971,881.6623543167404,-429.92979921598624,0.5463922976304545,1.9036762158765579,900.4388501096118
2277,3,3,1,0,10,871.8595984319725,896.7759946001971,881.6623543167404,-429.92979921598624,0.5463922976304545,1.9036762158765579,900.4388501096118
2278,3,3,1,0,11,871.8595984319725,896.7759946001971,881.6623543167404,-429.92979921598624,0.5463922976304545,1.9036762158765579,900.4388501096118
2279,3,3,1,0,12,871.8595984319725,896.7759946001971,881.6623543167404,-429.92979921598624,0.5463922976304545,1.9036762158765579,900.4388501096118
2280,3,3,1,1,8,868.1285457795748,897.1976746425036,879.5650943118042,-427.0642728897874,0.5434813873042262,1.8992153568918524,898.3288638098462
2281,3,3,1,1,9,869.4095310614177,898.4786599243465,880.8460795936471,-427.70476553070887,0.5442207171873501,1.9002321964410425,898.8098289166131
2282,3,3,1,1,10,874.1376295960126,903.2067584589414,885.574178128242,-430.0688147980063,0.5458433184427607,1.90388472708405,900.5374759107557
2283,3,3,1,1,11,849.4838620362593,878.5529908991881,860.9204105684887,-417.74193101812966,0.5385728528611097,1.8853416524639595,891.7666016154528
2284,3,3,1,1,12,828.3198003703881,857.3889292333168,839.7563489026174,-407.15990018519403,0.5240685261742815,1.8700893243466774,884.5522504159784
2285,3,3,1,2,8,848.5951570523862,881.817018610019,861.6654982320769,-416.2975785261931,0.5335425615973408,1.883103272120187,890.7078477128484
2286,3,3,1,2,9,868.20416650155,901.4260280591828,881.2745076812407,-426.102083250775,0.5431552524811054,1.897771832152002,897.6460766078969
2287,3,3,1,2,10,871.6352302912936,904.8570918489264,884.7055714709843,-427.8176151456468,0.5463712524777141,1.9003903665834365,898.8846433939655
2288,3,3,1,2,11,851.0526946534878,884.2745562111206,864.1230358331785,-417.5263473267439,0.5386594122005735,1.885018858985224,891.6139203000109
2289,3,3,1,2,12,796.1612905053312,829.383152062964,809.2316316850219,-390.0806452526656,0.5068010724090126,1.8468915066802785,873.5796826597717
2290,3,3,1,3,8,808.8914205933906,846.2660148457276,823.5955544205427,-395.4457102966953,0.5138445104443027,1.853912263091973,876.9005004425032
2291,3,3,1,3,9,861.2074110858218,898.5820053381588,875.9115449129739,-421.6037055429109,0.5351056456786528,1.8910279898662654,894.4562392067436
2292,3,3,1,3,10,872.9286947892363,910.3032890415732,887.6328286163883,-427.46434739461813,0.5454636058926138,1.899764922474801,898.5888083305808
2293,3,3,1,3,11,849.5723176523218,886.9469119046587,864.2764514794738,-415.7861588261609,0.5361074584262743,1.8824251247732608,890.3870840177524
2294,3,3,1,3,12,781.1344146527772,818.5090089051141,795.8385484799293,-381.5672073263886,0.4974328984273835,1.83572353148779,868.2972303937247
2295,3,3,1,4,8,796.0450127729657,837.5723397200068,812.3829392475791,-388.02250638648286,0.5098116740739236,1.8442185025976996,872.3153517287119
2296,3,3,1,4,9,825.1867436949951,866.7140706420362,841.5246701696085,-402.59337184749756,0.5183706973479971,1.8633345365453728,881.3572357859614
2297,3,3,1,4,10,869.2263056971399,910.7536326441809,885.5642321717532,-424.61315284856994,0.5419124201717331,1.8954507317114941,896.5481960995368
2298,3,3,1,4,11,849.0113632956343,890.5386902426753,865.3492897702477,-414.50568164781714,0.5348090410708197,1.8805616349532939,889.505653332908
2299,3,3,1,4,12,779.4758525274993,821.0031794745404,795.8137790021127,-379.73792626374967,0.49833771829656826,1.8329358417149726,866.978653131182
2300,3,3,2,0,8,882.2856755961286,911.3548044590574,893.722224128358,-434.1428377980643,0.5509982300459665,1.9102053596780786,903.5271351277312
2301,3,3,2,0,9,882.2856755961286,911.3548044590574,893.722224128358,-434.1428377980643,0.5509982300459665,1.9102053596780786,903.5271351277312
2302,3,3,2,0,10,882.2856755961286,911.3548044590574,893.722224128358,-434.1428377980643,0.5509982300459665,1.9102053596780786,903.5271351277312
2303,3,3,2,0,11,882.2856755961286,911.3548044590574,893.722224128358,-434.1428377980643,0.5509982300459665,1.9102053596780786,903.5271351277312
2304,3,3,2,0,12,882.2856755961286,911.3548044590574,893.722224128358,-434.1428377980643,0.5509982300459665,1.9102053596780786,903.5271351277312
2305,3,3,2,1,8,879.0388583313547,912.2607198889875,892.1091995110454,-431.51942916567737,0.549365561563596,1.906052823843476,901.5629856779641
2306,3,3,2,1,9,878.1684242204101,911.3902857780429,891.2387654001008,-431.08421211020504,0.5477558726823218,1.9053325107660088,901.2222775923221
2307,3,3,2,1,10,883.2171857546944,916.4390473123271,896.287526934385,-433.6085928773472,0.5493357905318446,1.909342169389118,903.1188461210528
2308,3,3,2,1,11,862.6361321264802,895.857993684113,875.7064733061709,-423.3180660632401,0.5408524470465401,1.8934937801276472,895.6225580003771
2309,3,3,2,1,12,848.3937216815937,881.6155832392265,861.4640628612843,-416.19686084079683,0.528786970846066,1.883037510475318,890.6767424548254
2310,3,3,2,2,8,858.8186262846023,896.1932205369392,873.5227601117543,-420.40931314230113,0.5401439076070325,1.8891049234536224,893.5466287935634
2311,3,3,2,2,9,878.5053665586715,915.8799608110085,893.2095003858236,-430.25268327933577,0.5473411708627653,1.9040669892231934,900.6236859025705
2312,3,3,2,2,10,881.0821778359809,918.4567720883178,895.786311663133,-431.54108891799046,0.5493785001631655,1.9060646614221657,901.5685848526844
2313,3,3,2,2,11,864.4076445498047,901.7822388021416,879.1117783769567,-423.20382227490234,0.5414923738762771,1.8934126180468474,895.5841683361588
2314,3,3,2,2,12,816.599173246833,853.9737674991699,831.303307073985,-399.2995866234165,0.5121082518999114,1.8591709952454365,879.3878807510914
2315,3,3,2,3,8,824.6892324242976,866.2165593713387,841.027158898911,-402.3446162121488,0.5196605541183852,1.8633707419124161,881.3743609245728
2316,3,3,2,3,9,869.5651201464244,911.0924470934655,885.9030466210378,-424.7825600732122,0.5355670639718242,1.8956360100534844,896.6358327552981
2317,3,3,2,3,10,881.6287073746794,923.1560343217204,897.9666338492927,-430.8143536873397,0.5463959084910333,1.9049036748717467,901.0194382143362
2318,3,3,2,3,11,860.9819792824931,902.5093062295341,877.3199057571064,-420.49098964124653,0.537375623580996,1.8892888928627687,893.6336463240896
2319,3,3,2,3,12,801.3367209206579,842.8640478676989,817.6746473952712,-390.6683604603289,0.5034847702949976,1.847434158954728,873.8363571855864
2320,3,3,2,4,8,814.8153510223256,860.4954106640707,832.7870701444002,-396.4076755111628,0.5171792300487701,1.855255636802169,877.535916207426
2321,3,3,2,4,9,840.8387266453105,886.5187862870557,858.8104457673852,-409.4193633226553,0.5186132123900677,1.8727655300538775,885.818095715484
2322,3,3,2,4,10,880.3226837215773,926.0027433633225,898.2944028436519,-429.16134186078864,0.5427282817542056,1.90232809336883,899.8011881634566
2323,3,3,2,4,11,862.1856722734233,907.8657319151685,880.1573913954979,-420.09283613671164,0.5375110610591297,1.888705236350242,893.3575767936644
2324,3,3,2,4,12,797.7630981952433,843.4431578369885,815.734817317318,-387.88154909762164,0.5038483308724636,1.843775650052416,872.1058824747928
2325,3,3,3,0,8,780.4509691247029,813.6728306823356,793.5213103043935,-382.2254845623514,0.5032360574995032,1.8359966750909467,868.4264273180178
2326,3,3,3,0,9,780.4509691247029,813.6728306823356,793.5213103043935,-382.2254845623514,0.5032360574995032,1.8359966750909467,868.4264273180178
2327,3,3,3,0,10,780.4509691247029,813.6728306823356,793.5213103043935,-382.2254845623514,0.5032360574995032,1.8359966750909467,868.4264273180178
2328,3,3,3,0,11,780.4509691247029,813.6728306823356,793.5213103043935,-382.2254845623514,0.5032360574995032,1.8359966750909467,868.4264273180178
2329,3,3,3,0,12,780.4509691247029,813.6728306823356,793.5213103043935,-382.2254845623514,0.5032360574995032,1.8359966750909467,868.4264273180178
2330,3,3,3,1,8,892.7477253206604,930.1223195729973,907.4518591478125,-437.3738626603302,0.5552097735393264,1.915237823152389,905.90749035108
2331,3,3,3,1,9,888.8870483793039,926.2616426316408,903.591182206456,-435.44352418965195,0.5489105770465512,1.9121837970621944,904.4629360104179
2332,3,3,3,1,10,898.837838445106,936.2124326974429,913.541972272258,-440.418919222553,0.5520077647930812,1.920099960442351,908.207281289232
2333,3,3,3,1,11,886.3236139535339,923.6982082058709,901.027747780686,-434.16180697676697,0.5503716458370616,1.909773792600527,903.3230039000492
2334,3,3,3,1,12,868.1775884154562,905.5521826677931,882.8817222426082,-425.0887942077281,0.535951104861184,1.8962721332044272,896.936719005694
2335,3,3,3,2,8,876.2917503285616,917.8190772756027,892.629676803175,-428.1458751642808,0.5473458891563775,1.900813043297564,899.0845694797478
2336,3,3,3,2,9,894.9259771710074,936.4533041180484,911.2639036456208,-437.4629885855037,0.5501874404073069,1.915405806362999,905.9869464096986
2337,3,3,3,2,10,898.1218846257758,939.6492115728169,914.4598111003892,-439.0609423128879,0.5523662450569635,1.9177789522656574,907.109444421656
2338,3,3,3,2,11,877.4059277255418,918.9332546725828,893.7438542001552,-428.7029638627709,0.5452068583227725,1.9016026919105198,899.4580732736758
2339,3,3,3,2,12,832.0209761386674,873.5483030857084,848.3589026132807,-406.0104880693337,0.5163681703091322,1.8682418712465994,883.6784050996415
2340,3,3,3,3,8,851.6649523220924,897.3450119638376,869.6366714441671,-414.8324761610462,0.5328837515513456,1.8809937467442701,889.7100422100398
2341,3,3,3,3,9,886.1740577002333,931.8541173419785,904.145776822308,-432.08702885011667,0.5414433978017016,1.906839074638221,901.9348823038786
2342,3,3,3,3,10,898.2135781778919,943.8936378196371,916.1852972999666,-438.10678908894596,0.5497829162484699,1.9162980098199172,906.4089586448208
2343,3,3,3,3,11,816.9430241272737,862.6230837690189,834.9147432493484,-397.47151206363685,0.5178357551049757,1.85556970269575,877.6844693750897
2344,3,3,3,3,12,828.8272089925151,874.5072686342603,846.7989281145898,-403.41360449625756,0.5146646556166808,1.8646995779517486,882.002900371177
2345,3,3,3,4,8,838.9214926867307,888.75428502318,858.5270044562668,-407.4607463433654,0.5288557346580436,1.870543322123909,884.7669913646089
2346,3,3,3,4,9,820.9323511602671,870.7651434967163,840.5378629298032,-398.46617558013355,0.5083339325663195,1.8539072628916389,876.8981353477452
2347,3,3,3,4,10,900.4912594248801,950.3240517613294,920.0967711944162,-438.24562971244006,0.5487011247335438,1.9165284938482532,906.5179775902237
2348,3,3,3,4,11,882.1003680850072,931.9331604214565,901.7058798545432,-429.0501840425036,0.5449651970184904,1.9022258272009223,899.7528162660362
2349,3,3,3,4,12,784.2997113877876,834.1325037242368,803.9052231573237,-380.1498556938938,0.5016649857753782,1.82955777994787,865.3808299153425
2350,3,3,4,0,8,757.6841274080232,795.0587216603601,772.3882612351753,-369.8420637040116,0.4933022931300711,1.8223548431699101,861.9738408193675
2351,3,3,4,0,9,757.6841274080232,795.0587216603601,772.3882612351753,-369.8420637040116,0.4933022931300711,1.8223548431699101,861.9738408193675
2352,3,3,4,0,10,757.6841274080232,795.0587216603601,772.3882612351753,-369.8420637040116,0.4933022931300711,1.8223548431699101,861.9738408193675
2353,3,3,4,0,11,757.6841274080232,795.0587216603601,772.3882612351753,-369.8420637040116,0.4933022931300711,1.8223548431699101,861.9738408193675
2354,3,3,4,0,12,757.6841274080232,795.0587216603601,772.3882612351753,-369.8420637040116,0.4933022931300711,1.8223548431699101,861.9738408193675
2355,3,3,4,1,8,750.3975544061453,791.9248813531864,766.7354808807587,-365.19877720307267,0.48832638001829815,1.8167453325787257,859.3205423097372
2356,3,3,4,1,9,770.2540636404917,811.7813905875328,786.5919901151051,-375.12703182024586,0.49716979295948494,1.828256847505472,864.7654888700882
2357,3,3,4,1,10,753.808475520394,795.3358024674351,770.1464019950074,-366.904237760197,0.488769401384984,1.8187300362218413,860.2593071329309
2358,3,3,4,1,11,731.0179438165721,772.5452707636132,747.3558702911855,-355.50897190828607,0.48283342712169214,1.805695005005472,854.0937373675883
2359,3,3,4,1,12,747.6702517615188,789.1975787085598,764.0081782361322,-363.8351258807594,0.4925337975596717,1.8147739343983942,858.3880709704405
2360,3,3,4,2,8,750.9873637727933,796.6674234145385,768.959082894868,-364.49368188639664,0.48788968532814053,1.8148668101643344,858.4320012077302
2361,3,3,4,2,9,759.431321215955,805.1113808577002,777.4030403380297,-368.7156606079775,0.4930683383246258,1.8207868738979778,861.2321913537435
2362,3,3,4,2,10,807.1734352839253,852.8534949256705,825.145154406,-392.58671764196265,0.514641499072611,1.8504837981384523,875.278836519488
2363,3,3,4,2,11,746.2707194101131,791.9507790518583,764.2424385321877,-362.13535970505654,0.48858610628074545,1.8129753551643242,857.5373429927254
2364,3,3,4,2,12,680.7810774014797,726.4611370432249,698.7527965235544,-329.39053870073985,0.46057709869631946,1.7777162125946624,840.8597685572753
2365,3,3,4,3,8,725.9504993000157,775.783291636465,745.5560110695518,-350.97524965000787,0.4765104067371777,1.7993060575196402,851.0717652067898
2366,3,3,4,3,9,780.2713551780594,830.1041475145087,799.8768669475954,-378.1356775890297,0.5043835955446757,1.8314679378229322,866.2843345902469
2367,3,3,4,3,10,810.0217252526535,859.8545175891027,829.6272370221895,-393.01086262632674,0.5170143213224775,1.8507981221838379,875.4275117929553
2368,3,3,4,3,11,748.3874477922802,798.2202401287295,767.9929595618163,-362.1937238961401,0.4831209159941956,1.8116094904577225,856.8912889865027
2369,3,3,4,3,12,660.978132068462,710.8109244049112,680.583643837998,-318.489066034231,0.4462185456457426,1.7648992390133829,834.7973400533301
2370,3,3,4,4,8,747.2324529832313,801.2179780143846,768.4717574002286,-360.61622649161563,0.4840459911842869,1.8109625005807268,856.5852627746838
2371,3,3,4,4,9,749.7548263117931,803.7403513429464,770.9941307287904,-361.87741315589653,0.48670783895462344,1.8126848868280137,857.3999514696504
2372,3,3,4,4,10,809.6560041368064,863.6415291679597,830.8953085538037,-391.8280020684032,0.512275779307523,1.8463658060031352,873.331026239483
2373,3,3,4,4,11,747.2328951498677,801.218420181021,768.472199566865,-360.61644757493383,0.4886860620416708,1.810697762270025,856.4600415537219
2374,3,3,4,4,12,672.7760065628015,726.7615315939548,694.0153109797989,-323.38800328140076,0.45071043434862407,1.7700074187165598,837.2135090529327
2375,3,4,0,0,8,1356.5740515668294,1377.3270654090609,1364.7395524482806,-673.2870257834147,0.9063502037822158,3.708090853275108,1753.926973599126
2376,3,4,0,0,9,1356.5740515668294,1377.3270654090609,1364.7395524482806,-673.2870257834147,0.9063502037822158,3.708090853275108,1753.926973599126
2377,3,4,0,0,10,1356.5740515668294,1377.3270654090609,1364.7395524482806,-673.2870257834147,0.9063502037822158,3.708090853275108,1753.926973599126
2378,3,4,0,0,11,1356.5740515668294,1377.3270654090609,1364.7395524482806,-673.2870257834147,0.9063502037822158,3.708090853275108,1753.926973599126
2379,3,4,0,0,12,1356.5740515668294,1377.3270654090609,1364.7395524482806,-673.2870257834147,0.9063502037822158,3.708090853275108,1753.926973599126
2380,3,4,0,1,8,1357.8241558549657,1382.7277724656435,1367.6227569127072,-672.9120779274829,0.9058289936561555,3.7064753003841964,1753.1628170817248
2381,3,4,0,1,9,1347.2365539481998,1372.1401705588776,1357.0351550059413,-667.6182769740999,0.8950680102974296,3.6834779373145037,1742.2850643497602
2382,3,4,0,1,10,1351.7044671884557,1376.6080837991335,1361.5030682461972,-669.8522335942279,0.9013799993090753,3.69320466945321,1746.8858086513683
2383,3,4,0,1,11,1353.9912189564675,1378.8948355671453,1363.789820014209,-670.9956094782337,0.9015618188989172,3.6981646744937584,1749.2318910355477
2384,3,4,0,1,12,1345.6155248831258,1370.5191414938035,1355.4141259408673,-666.8077624415629,0.8884628250870138,3.6797783379433433,1740.5351538472014
2385,3,4,0,2,8,1352.5635538489023,1381.6177732280262,1363.9952550829341,-669.2817769244512,0.9002927622680912,3.690745718248942,1745.7227247317494
2386,3,4,0,2,9,1346.508688451595,1375.5629078307188,1357.9403896856268,-666.2543442257975,0.8941749257415962,3.6775906521402333,1739.5003784623304
2387,3,4,0,2,10,1351.438578299167,1380.4927976782908,1362.8702795331988,-668.7192891495835,0.9014839083310012,3.688266723915774,1744.5501604121612
2388,3,4,0,2,11,1355.0709787632807,1384.1251981424045,1366.5026799973125,-670.5354893816403,0.901250630960886,3.696135679192726,1748.2721762581593
2389,3,4,0,2,12,1332.999820831469,1362.0540402105928,1344.4315220655008,-659.4999104157345,0.8825725534224752,3.6488321110470223,1725.8975885252416
2390,3,4,0,3,8,1337.7310261527675,1370.9358483003377,1350.7958275630895,-660.8655130763838,0.8887311293189443,3.6548343935552796,1728.7366681516473
2391,3,4,0,3,9,1339.8490149271488,1373.053837074719,1352.9138163374707,-661.9245074635744,0.8859995469775267,3.659086333088658,1730.7478355509352
2392,3,4,0,3,10,1341.294658045946,1374.4994801935163,1354.359459456268,-662.647329022973,0.8887188899423727,3.6620128441313384,1732.132075274123
2393,3,4,0,3,11,1352.5698936874287,1385.774715834999,1365.6346950977506,-668.2849468437144,0.8999262463993974,3.6861742731852263,1743.560431216612
2394,3,4,0,3,12,1327.159479254146,1360.3643014017161,1340.2242806644679,-655.579739627073,0.87200109740669,3.6323887936413626,1718.1198993923645
2395,3,4,0,4,8,1331.7466948975261,1369.1021198135427,1346.4445964841384,-656.8733474487631,0.8847981104341462,3.6380216907976064,1720.784259747268
2396,3,4,0,4,9,1332.6581978991455,1370.013622815162,1347.3560994857578,-657.3290989495728,0.8703902379684444,3.639581536663177,1721.5220668416828
2397,3,4,0,4,10,1341.6546406187167,1379.0100655347333,1356.352542205329,-661.8273203093584,0.8894534237380841,3.6585125164392904,1730.4764202757844
2398,3,4,0,4,11,1354.4313472947006,1391.7867722107171,1369.1292488813128,-668.2156736473503,0.9003788101662512,3.685873821613793,1743.4183176233241
2399,3,4,0,4,12,1325.8803217153763,1363.2357466313929,1340.5782233019886,-653.9401608576882,0.8699693779330273,3.625555878808708,1714.8879306765189
2400,3,4,1,0,8,1078.4437275105943,1103.347344121272,1088.2423285683358,-533.2218637552971,0.7065124407485682,3.2504492833145773,1537.462511007795
2401,3,4,1,0,9,1078.4437275105943,1103.347344121272,1088.2423285683358,-533.2218637552971,0.7065124407485682,3.2504492833145773,1537.462511007795
2402,3,4,1,0,10,1078.4437275105943,1103.347344121272,1088.2423285683358,-533.2218637552971,0.7065124407485682,3.2504492833145773,1537.462511007795
2403,3,4,1,0,11,1078.4437275105943,1103.347344121272,1088.2423285683358,-533.2218637552971,0.7065124407485682,3.2504492833145773,1537.462511007795
2404,3,4,1,0,12,1078.4437275105943,1103.347344121272,1088.2423285683358,-533.2218637552971,0.7065124407485682,3.2504492833145773,1537.462511007795
2405,3,4,1,1,8,1076.7903132742108,1105.8445326533347,1088.2220145082426,-531.3951566371054,0.7048592334803291,3.2460502852876356,1535.3817849410516
2406,3,4,1,1,9,1066.3882036381747,1095.4424230172986,1077.8199048722065,-526.1941018190873,0.7005742559153052,3.2338367843087514,1529.6047989780395
2407,3,4,1,1,10,1075.0121258249742,1104.066345204098,1086.443827059006,-530.5060629124871,0.7009123798646106,3.243926800969795,1534.377376858713
2408,3,4,1,1,11,1068.2595415839423,1097.3137609630662,1079.6912428179742,-527.1297707919712,0.69580837507697,3.236168153153214,1530.7075364414702
2409,3,4,1,1,12,1051.4484055078242,1080.502624886948,1062.880106741856,-518.7242027539121,0.6832573471875554,3.2164873703626204,1521.3985261815194
2410,3,4,1,2,8,1064.8506217296906,1098.0554438772608,1077.9154231400125,-524.4253108648453,0.701474461508595,3.2297211891075754,1527.6581224478832
2411,3,4,1,2,9,1072.9716971686971,1106.1765193162673,1086.036498579019,-528.4858485843486,0.7047062383560571,3.238958272648809,1532.0272629628867
2412,3,4,1,2,10,1074.9186316552077,1108.123453802778,1087.9834330655297,-529.4593158276039,0.6996586488181551,3.2412332810938467,1533.1033419573894
2413,3,4,1,2,11,1069.084594297391,1102.2894164449613,1082.149395707713,-526.5422971486955,0.6938189727129789,3.2346921457913185,1530.0093849592936
2414,3,4,1,2,12,1030.2525048900814,1063.4573270376516,1043.3173063004033,-507.1262524450407,0.6705719280797015,3.191039185039718,1509.3615345237868
2415,3,4,1,3,8,1038.995049106401,1076.3504740224175,1053.6929506930132,-510.4975245532005,0.6818062975790953,3.19844412710997,1512.8640721230158
2416,3,4,1,3,9,1058.7694392073936,1096.1248641234101,1073.4673407940058,-520.3847196036968,0.6905566115932497,3.220204720487242,1523.1568327904656
2417,3,4,1,3,10,1068.6191102599678,1105.9745351759843,1083.31701184658,-525.3095551299839,0.6955763286794783,3.2313054801964127,1528.4074921329031
2418,3,4,1,3,11,1065.0310672527671,1102.3864921687837,1079.7289688393794,-523.5155336263836,0.6901222384264294,3.227835500131834,1526.7661915623576
2419,3,4,1,3,12,1026.1518183851117,1063.5072433011283,1040.849719971724,-504.07590919255586,0.6661514959692342,3.1839331815329577,1506.000394865089
2420,3,4,1,4,8,1029.3023856103073,1070.8084132947702,1045.6333873732099,-504.65119280515364,0.6772720020182792,3.185880985646453,1506.9217062107723
2421,3,4,1,4,9,1039.2693851188747,1080.7754128033375,1055.6003868817772,-509.6346925594373,0.6705326775657715,3.196045346383633,1511.7294488394584
2422,3,4,1,4,10,1069.9132348339542,1111.419262518417,1086.2442365968568,-524.9566174169771,0.69553825813127,3.230511009912055,1528.031707688402
2423,3,4,1,4,11,1067.878266091122,1109.3842937755849,1084.2092678540246,-523.939133045561,0.6908994030009354,3.2287174612210157,1527.1833591575405
2424,3,4,1,4,12,1020.4975950224604,1062.0036227069231,1036.8285967853628,-500.2487975112302,0.6622770854714726,3.175982812327898,1502.239870231096
2425,3,4,2,0,8,1130.6037117182264,1159.6579310973502,1142.0354129522582,-558.3018558591132,0.7361594899423337,3.3130630632262354,1567.0788289060094
2426,3,4,2,0,9,1130.6037117182264,1159.6579310973502,1142.0354129522582,-558.3018558591132,0.7361594899423337,3.3130630632262354,1567.0788289060094
2427,3,4,2,0,10,1130.6037117182264,1159.6579310973502,1142.0354129522582,-558.3018558591132,0.7361594899423337,3.3130630632262354,1567.0788289060094
2428,3,4,2,0,11,1130.6037117182264,1159.6579310973502,1142.0354129522582,-558.3018558591132,0.7361594899423337,3.3130630632262354,1567.0788289060094
2429,3,4,2,0,12,1130.6037117182264,1159.6579310973502,1142.0354129522582,-558.3018558591132,0.7361594899423337,3.3130630632262354,1567.0788289060094
2430,3,4,2,1,8,1130.6936173869208,1163.898439534491,1143.7584187972427,-557.3468086934604,0.7333165975360937,3.310475649229707,1565.8549820856515
2431,3,4,2,1,9,1127.675580967927,1160.8804031154973,1140.740382378249,-555.8377904839635,0.7363461641833873,3.3063946200750727,1563.9246552955094
2432,3,4,2,1,10,1126.380932411268,1159.5857545588383,1139.44573382159,-555.190466205634,0.7266249947167541,3.304725337057812,1563.135084428345
2433,3,4,2,1,11,1125.2175733200186,1158.4223954675888,1138.2823747303405,-554.6087866600093,0.7294266399616121,3.3032843630700484,1562.453503732133
2434,3,4,2,1,12,1120.2806356753372,1153.4854578229074,1133.3454370856591,-552.1403178376686,0.7231557582183775,3.29668505735416,1559.3320321285178
2435,3,4,2,2,8,1124.5005231810044,1161.855948097021,1139.1984247676166,-553.2502615905022,0.7289090822036864,3.2995802937972383,1560.7014789660936
2436,3,4,2,2,9,1128.8291209377544,1166.184545853771,1143.5270225243667,-555.4145604688772,0.735748117144905,3.3052732276063845,1563.3942366578199
2437,3,4,2,2,10,1127.2070240653918,1164.5624489814084,1141.904925652004,-554.6035120326959,0.7269671037342339,3.3030809386195252,1562.3572839670355
2438,3,4,2,2,11,1126.3519870721511,1163.7074119881677,1141.0498886587634,-554.1759935360756,0.7279539774758167,3.3021267856484493,1561.9059696117165
2439,3,4,2,2,12,1104.6069805806044,1141.962405496621,1119.3048821672166,-543.3034902903022,0.7150476787165331,3.273979158555512,1548.5921419967572
2440,3,4,2,3,8,1110.8372279258665,1152.3432556103294,1127.168229688769,-545.4186139629333,0.717058261837961,3.2786986839904246,1550.824477527471
2441,3,4,2,3,9,1123.609354379242,1165.1153820637048,1139.9403561421445,-551.804677189621,0.7269698279229636,3.295715630845806,1558.8734933900664
2442,3,4,2,3,10,1118.1187978182104,1159.6248255026733,1134.449799581113,-549.0593989091052,0.7192672887123248,3.288098268877728,1555.2704811791652
2443,3,4,2,3,11,1125.0171573779855,1166.5231850624484,1141.3481591408881,-552.5085786889928,0.7276114904566823,3.297673775047078,1559.799695597268
2444,3,4,2,3,12,1096.2399882417935,1137.7460159262564,1112.5709900046961,-538.1199941208968,0.7062985338962836,3.2605364024423364,1542.2337183552252
2445,3,4,2,4,8,1106.034015777232,1151.690646230141,1123.9981177164248,-542.017007888616,0.7189947070566242,3.2705801742804232,1546.9844224346402
2446,3,4,2,4,9,1111.706275866002,1157.362906318911,1129.6703778051947,-544.853137933001,0.7143069944501323,3.277326328816353,1550.175353530135
2447,3,4,2,4,10,1123.00604737727,1168.662677830179,1140.9701493164628,-550.503023688635,0.7213696880895105,3.2914350918930997,1556.8487984654362
2448,3,4,2,4,11,1129.5467784086222,1175.2034088615312,1147.510880347815,-553.7733892043111,0.7290534488770287,3.300654650187467,1561.209649538672
2449,3,4,2,4,12,1094.7480570560515,1140.4046875089605,1112.7121589952442,-536.3740285280257,0.7043148030640594,3.2560720842646,1540.1220958571557
2450,3,4,3,0,8,901.3070538922875,934.5118760398577,914.3718553026096,-442.65352694614376,0.5999750617497823,3.072108256930303,1453.1072055280333
2451,3,4,3,0,9,901.3070538922875,934.5118760398577,914.3718553026096,-442.65352694614376,0.5999750617497823,3.072108256930303,1453.1072055280333
2452,3,4,3,0,10,901.3070538922875,934.5118760398577,914.3718553026096,-442.65352694614376,0.5999750617497823,3.072108256930303,1453.1072055280333
2453,3,4,3,0,11,901.3070538922875,934.5118760398577,914.3718553026096,-442.65352694614376,0.5999750617497823,3.072108256930303,1453.1072055280333
2454,3,4,3,0,12,901.3070538922875,934.5118760398577,914.3718553026096,-442.65352694614376,0.5999750617497823,3.072108256930303,1453.1072055280333
2455,3,4,3,1,8,,,,,,,
2456,3,4,3,1,9,977.8714915033465,1015.2269164193631,992.5693930899588,-479.93574575167327,0.6492064695545945,3.1356726158848485,1483.1731473135333
2457,3,4,3,1,10,911.2170002966124,948.5724252126289,925.9149018832246,-446.6085001483062,0.6067760575793905,3.078414365550411,1456.0899949053444
2458,3,4,3,1,11,930.0180628244433,967.3734877404598,944.7159644110556,-456.00903141222165,0.5989367975894728,3.0656016394736767,1450.0295754710492
2459,3,4,3,1,12,1061.8924459131358,1099.2478708291524,1076.590347499748,-521.9462229565679,0.703590801726298,3.224092434735764,1524.9957216300163
2460,3,4,3,2,8,926.1150740693365,967.6211017537993,942.446075832239,-453.05753703466826,0.6160892029398508,3.0885480528649922,1460.8832290051414
2461,3,4,3,2,9,941.6212161623776,983.1272438468403,957.95221792528,-460.8106080811888,0.6239152058502927,3.0985444870568717,1465.6115423779004
2462,3,4,3,2,10,907.4626845374826,948.9687122219453,923.793686300385,-443.7313422687413,0.6044899312871819,3.073815912528777,1453.9149266261115
2463,3,4,3,2,11,921.2100860768969,962.7161137613597,937.5410878397994,-450.60504303844846,0.610059232304488,3.08441252728086,1458.9271254038467
2464,3,4,3,2,12,940.5779097557294,982.0839374401921,956.9089115186318,-460.2889548778647,0.6210433980981661,3.0983095763805366,1465.5004296279938
2465,3,4,3,3,8,890.2492992736692,935.9059297265783,908.213401212862,-434.1246496368346,0.5907327466323158,3.056447974495272,1445.6998919362636
2466,3,4,3,3,9,932.2277448158894,977.8843752687985,950.1918467550822,-455.1138724079447,0.6119259426971554,3.090543722736891,1461.8271808545494
2467,3,4,3,3,10,960.255913715832,1005.9125441687411,978.2200156550248,-469.127956857916,0.6214764578249172,3.1156935918230992,1473.723068932326
2468,3,4,3,3,11,920.2082570794807,965.8648875323898,938.1723590186735,-449.1041285397404,0.613849745536193,3.0812324285627235,1457.4229387101682
2469,3,4,3,3,12,919.8162107338081,965.4728411867172,937.7803126730009,-448.90810536690407,0.6080037681505484,3.078745331968544,1456.2465420211213
2470,3,4,3,4,8,899.4663923150318,949.2736255363872,919.0635944305149,-437.7331961575159,0.596705552767961,3.0632710775185177,1448.927219666259
2471,3,4,3,4,9,929.2287504782335,979.0359836995888,948.8259525937165,-452.6143752391167,0.6087391119555311,3.081640803436081,1457.6161000252662
2472,3,4,3,4,10,980.0167003093566,1029.8239335307119,999.6139024248396,-478.0083501546783,0.6339755404152756,3.127818830487463,1479.45830682057
2473,3,4,3,4,11,945.416587606594,995.2238208279493,965.013789722077,-460.708293803297,0.6294553170236797,3.102764125690361,1467.6074314515406
2474,3,4,3,4,12,268.99015262422824,318.79738584558356,288.58735473971126,-122.49507631211412,36019158051749.414,3.951072226725048e+27,1.8688571632409478e+30
2475,3,4,4,0,8,937.3387583809383,974.6941832969549,952.0366599675506,-459.66937919046916,0.6194258031217659,3.1002632071428615,1466.4244969785734
2476,3,4,4,0,9,937.3387583809383,974.6941832969549,952.0366599675506,-459.66937919046916,0.6194258031217659,3.1002632071428615,1466.4244969785734
2477,3,4,4,0,10,937.3387583809383,974.6941832969549,952.0366599675506,-459.66937919046916,0.6194258031217659,3.1002632071428615,1466.4244969785734
2478,3,4,4,0,11,937.3387583809383,974.6941832969549,952.0366599675506,-459.66937919046916,0.6194258031217659,3.1002632071428615,1466.4244969785734
2479,3,4,4,0,12,937.3387583809383,974.6941832969549,952.0366599675506,-459.66937919046916,0.6194258031217659,3.1002632071428615,1466.4244969785734
2480,3,4,4,1,8,920.1126035129877,961.6186311974504,936.4436052758901,-450.05630175649384,0.6088916248656929,3.0836843298621894,1458.5826880248155
2481,3,4,4,1,9,911.3973162790217,952.9033439634844,927.7283180419241,-445.6986581395108,0.6010400546001475,3.0766037650026727,1455.2335808462642
2482,3,4,4,1,10,918.8213770673631,960.3274047518258,935.1523788302655,-449.41068853368154,0.6050596851609936,3.082690929979217,1458.1128098801696
2483,3,4,4,1,11,915.702260091241,957.2082877757038,932.0332618541435,-447.8511300456205,0.6046794890812135,3.0796454970797655,1456.6723201187292
2484,3,4,4,1,12,897.3028085743638,938.8088362588265,913.6338103372663,-438.6514042871819,0.5965673879827192,3.0646350199397965,1449.5723644315237
2485,3,4,4,2,8,914.6500520607517,960.3066825136608,932.6141539999445,-446.32502603037585,0.6065812513879308,3.077198325983535,1455.514808190212
2486,3,4,4,2,9,915.0775063677539,960.734136820663,933.0416083069467,-446.53875318387696,0.6027088535666104,3.0777985962980265,1455.7987360489665
2487,3,4,4,2,10,918.9921465801408,964.6487770330499,936.9562485193336,-448.4960732900704,0.6063929005615146,3.0811564777601763,1457.3870139805633
2488,3,4,4,2,11,921.7739301750825,967.4305606279916,939.7380321142753,-449.8869650875412,0.6074537984783723,3.0826836651897858,1458.1093736347686
2489,3,4,4,2,12,883.0865934435581,928.7432238964672,901.0506953827509,-430.54329672177903,0.5863079834981555,3.051598420794743,1443.4060530359134
2490,3,4,4,3,8,902.2700438604988,952.0772770818542,921.8672459759819,-439.1350219302494,0.5973025032871406,3.0652658895379568,1449.8707657514535
2491,3,4,4,3,9,915.6635481502007,965.470781371556,935.2607502656837,-445.8317740751003,0.6002435325145409,3.0766314521087277,1455.2466768474283
2492,3,4,4,3,10,938.7816648343522,988.5888980557075,958.3788669498352,-457.3908324171761,0.6184400818689562,3.095501216082308,1464.1720752069318
2493,3,4,4,3,11,917.4198812362645,967.2271144576198,937.0170833517475,-446.70994061813224,0.6027656559967176,3.077961496160017,1455.875787683688
2494,3,4,4,3,12,872.2580718215404,922.0653050428957,891.8552739370234,-424.1290359107702,0.5796353127667898,3.0419651961033374,1438.8495377568786
2495,3,4,4,4,8,892.2179868961914,946.175822885993,913.4482891879646,-433.1089934480957,0.5964806774941044,3.055884285847117,1445.4332672056862
2496,3,4,4,4,9,897.3519258027544,951.3097617925561,918.5822280945276,-435.6759629013772,0.5872802648058401,3.0601482546628023,1447.4501244555054
2497,3,4,4,4,10,926.3533049552866,980.3111409450883,947.5836072470598,-450.1766524776433,0.6058470472624177,3.083542802642157,1458.5157456497404
2498,3,4,4,4,11,920.5421429050484,974.4999788948501,941.7724451968216,-447.2710714525242,0.6015900304849784,3.0781451731443688,1455.9626668972865
2499,3,4,4,4,12,867.6567063469656,921.6145423367673,888.8870086387388,-420.8283531734828,0.5765006986636018,3.037205680188318,1436.5982867290743
2500,4,0,0,0,8,686.531952684545,711.4865250154966,696.347111655473,-337.2659763422725,0.37502571396788137,0.24305426624033907,114.96466793168038
2501,4,0,0,0,9,686.531952684545,711.4865250154966,696.347111655473,-337.2659763422725,0.37502571396788137,0.24305426624033907,114.96466793168038
2502,4,0,0,0,10,686.531952684545,711.4865250154966,696.347111655473,-337.2659763422725,0.37502571396788137,0.24305426624033907,114.96466793168038
2503,4,0,0,0,11,686.531952684545,711.4865250154966,696.347111655473,-337.2659763422725,0.37502571396788137,0.24305426624033907,114.96466793168038
2504,4,0,0,0,12,686.531952684545,711.4865250154966,696.347111655473,-337.2659763422725,0.37502571396788137,0.24305426624033907,114.96466793168038
2505,4,0,0,1,8,1024.7562535600619,1053.8699212795054,1036.2072723594779,-505.3781267800309,0.5151915026330393,0.44285288350927127,209.4694138998853
2506,4,0,0,1,9,688.3834517774736,717.4971194969171,699.8344705768895,-337.1917258887368,0.37529263509117394,0.24297229984313531,114.925897825803
2507,4,0,0,1,10,687.6296341827829,716.7433019022264,699.0806529821989,-336.81481709139143,0.37407361762229985,0.2426117896474302,114.75537650323447
2508,4,0,0,1,11,656.6260571148435,685.739724834287,668.0770759142595,-321.3130285574218,0.3633284905281331,0.2272354678821826,107.48237630827236
2509,4,0,0,1,12,643.0195619692697,672.1332296887133,654.4705807686857,-314.50978098463486,0.3553109366602334,0.22073355852679188,104.40697318317257
2510,4,0,0,2,8,678.1023771411514,711.3751402490868,691.1892557690553,-331.0511885705757,0.37120897573760997,0.23658135384821674,111.90298037020652
2511,4,0,0,2,9,688.2092877574601,721.4820508653955,701.296166385364,-336.10464387873003,0.3743257065122706,0.2418269214208486,114.3841338320614
2512,4,0,0,2,10,688.4253966859878,721.6981597939233,701.5122753138918,-336.2126983429939,0.37407715389151697,0.24197918742524527,114.456155652141
2513,4,0,0,2,11,658.5300833184857,691.8028464264212,671.6169619463897,-321.26504165924285,0.3631442126338966,0.2271897556566838,107.46075442561144
2514,4,0,0,2,12,612.4036011419807,645.6763642499162,625.4904797698847,-298.2018005709904,0.3444585987831549,0.2057042351812704,97.2981032407409
2515,4,0,0,3,8,636.3586975811756,673.790556077603,651.0814360375676,-309.1793487905878,0.3562766270466892,0.21546372498826388,101.91434191944882
2516,4,0,0,3,9,687.7710030100291,725.2028615064564,702.493741466421,-334.88550150501453,0.3735062203672289,0.24052263443263514,113.76720608663642
2517,4,0,0,3,10,689.9985834871759,727.4304419836033,704.7213219435679,-335.99929174358795,0.3733711993509751,0.24175441818865925,114.34983980323582
2518,4,0,0,3,11,659.3053299597241,696.7371884561514,674.0280684161161,-320.65266497986204,0.3632897180031518,0.22659676048627814,107.18026771000956
2519,4,0,0,3,12,596.119495591096,633.5513540875234,610.842234047488,-289.059747795548,0.3379003220550423,0.19764896612065821,93.48796097507133
2520,4,0,0,4,8,627.8326933921702,669.4236472770896,644.1912916770501,-303.9163466960851,0.3546585677064416,0.21062798378072692,99.62703632828384
2521,4,0,0,4,9,652.5121930117065,694.1031468966258,668.8707912965864,-316.25609650585324,0.35783033061051306,0.22197224695030132,104.99287280749253
2522,4,0,0,4,10,690.7631732156892,732.3541271006086,707.1217715005691,-335.3815866078446,0.3717043441103912,0.24109139341646132,114.03622908598621
2523,4,0,0,4,11,660.55473669085,702.1456905757693,676.9133349757299,-320.277368345425,0.3630902721103502,0.2262261057266717,107.00494800871571
2524,4,0,0,4,12,592.607971985969,634.1989258708884,608.9665702708489,-286.3039859929845,0.33689639119630277,0.19531312528670375,92.38310826061087
2525,4,0,1,0,8,688.5844387838995,717.6981065033431,700.0354575833155,-337.29221939194974,0.3751733515293505,0.2430829620678639,114.97824105809963
2526,4,0,1,0,9,688.5844387838995,717.6981065033431,700.0354575833155,-337.29221939194974,0.3751733515293505,0.2430829620678639,114.97824105809963
2527,4,0,1,0,10,688.5844387838995,717.6981065033431,700.0354575833155,-337.29221939194974,0.3751733515293505,0.2430829620678639,114.97824105809963
2528,4,0,1,0,11,688.5844387838995,717.6981065033431,700.0354575833155,-337.29221939194974,0.3751733515293505,0.2430829620678639,114.97824105809963
2529,4,0,1,0,12,688.5844387838995,717.6981065033431,700.0354575833155,-337.29221939194974,0.3751733515293505,0.2430829620678639,114.97824105809963
2530,4,0,1,1,8,999.3938536864414,1032.6666167943768,1012.4807323143453,-491.6969268432207,0.6045114128527668,1.3444579322252683,635.928601942552
2531,4,0,1,1,9,690.430021591762,723.7027846996975,703.516900219666,-337.215010795881,0.3754440493560942,0.24299557159938392,114.9369053665086
2532,4,0,1,1,10,689.7075299154332,722.9802930233686,702.7944085433371,-336.8537649577166,0.3742666310502319,0.24265412705937878,114.77540209908616
2533,4,0,1,1,11,657.9214675699582,691.1942306778936,671.0083461978621,-320.9607337849791,0.3631656496429579,0.226897146063189,107.3223500878884
2534,4,0,1,1,12,644.9004198612938,678.1731829692293,657.9872984891978,-314.4502099306469,0.3551936040957939,0.22067909057931812,104.38120984401746
2535,4,0,1,2,8,680.1904957734278,717.6223542698551,694.9132342298197,-331.0952478867139,0.3711866723803157,0.23661834768236642,111.92047845375932
2536,4,0,1,2,9,690.5642119423479,727.9960704387753,705.2869503987399,-336.28210597117396,0.37480927207886455,0.24202226212772165,114.47652998641234
2537,4,0,1,2,10,690.5165482270484,727.9484067234757,705.2392866834404,-336.2582741135242,0.3742157029864983,0.24202650739960171,114.47853800001161
2538,4,0,1,2,11,660.0656207057859,697.4974792022133,674.7883591621779,-321.03281035289297,0.3630889875360061,0.22694609361726886,107.34550228096818
2539,4,0,1,2,12,614.3784536613272,651.8103121577545,629.1011921177192,-298.1892268306636,0.34457520120702223,0.20569642975488653,97.29441127406133
2540,4,0,1,3,8,637.8474133740883,679.4383672590077,654.2060116589682,-308.92370668704416,0.35604516291128185,0.21521332912438504,101.79590467583412
2541,4,0,1,3,9,690.0146017201732,731.6055556050926,706.3732000050531,-335.0073008600866,0.373535782670988,0.24065054481746728,113.82770769866202
2542,4,0,1,3,10,691.9989307242563,733.5898846091757,708.3575290091362,-335.99946536212815,0.3734455997600935,0.24175239966672163,114.34888504235933
2543,4,0,1,3,11,660.7768379416659,702.3677918265853,677.1354362265458,-320.38841897083296,0.36306283379353244,0.22632590612241432,107.05215359590197
2544,4,0,1,3,12,594.2441074842329,635.8350613691523,610.6027057691128,-287.12205374211646,0.3364141344001959,0.19558316227897143,92.51083575795349
2545,4,0,1,4,8,629.1769833980832,674.9270326714944,647.1714415114511,-303.5884916990416,0.35419608830867777,0.21028832701040578,99.46637867592193
2546,4,0,1,4,9,652.6250456283526,698.3750949017639,670.6195037417206,-315.3125228141763,0.357594868812603,0.22098422072875376,104.52553640470053
2547,4,0,1,4,10,692.81085125358,738.5609005269913,710.805309366948,-335.40542562679,0.371781389895788,0.24111922693369112,114.0493943396359
2548,4,0,1,4,11,662.0760062832376,707.8260555566488,680.0704643966055,-320.0380031416188,0.36308330960054747,0.22597538900241676,106.88635899814312
2549,4,0,1,4,12,592.9485138307323,638.6985631041435,610.9429719441002,-285.47425691536614,0.33580647156174487,0.1942659115100441,91.88777614425086
2550,4,0,2,0,8,686.2246243069067,719.4973874148421,699.3115029348106,-335.11231215345333,0.3735169493688769,0.24085271061763505,113.92333212214137
2551,4,0,2,0,9,686.2246243069067,719.4973874148421,699.3115029348106,-335.11231215345333,0.3735169493688769,0.24085271061763505,113.92333212214137
2552,4,0,2,0,10,686.2246243069067,719.4973874148421,699.3115029348106,-335.11231215345333,0.3735169493688769,0.24085271061763505,113.92333212214137
2553,4,0,2,0,11,686.2246243069067,719.4973874148421,699.3115029348106,-335.11231215345333,0.3735169493688769,0.24085271061763505,113.92333212214137
2554,4,0,2,0,12,686.2246243069067,719.4973874148421,699.3115029348106,-335.11231215345333,0.3735169493688769,0.24085271061763505,113.92333212214137
2555,4,0,2,1,8,1025.250016850481,1062.6818753469083,1039.9727553068728,-503.6250084252405,0.5104442564137013,0.4454336952291465,210.69013784338628
2556,4,0,2,1,9,689.2785223003806,726.710380796808,704.0012607567726,-335.6392611501903,0.37400141883559873,0.2413749005179072,114.1703279449701
2557,4,0,2,1,10,689.2048632339804,726.6367217304078,703.9276016903724,-335.6024316169902,0.3732417273376129,0.24132248166798848,114.14553382895855
2558,4,0,2,1,11,659.4632814317351,696.8951399281625,674.1860198881271,-320.73164071586757,0.36259812441834016,0.22668189332110827,107.22053554088421
2559,4,0,2,1,12,645.7770330438183,683.2088915402456,660.4997715002103,-313.88851652190914,0.35452020017793334,0.2202151521456823,104.16176696490773
2560,4,0,2,2,8,680.2724756930215,721.8634295779409,696.6310739779015,-330.13623784651077,0.3699760955054809,0.23567863781937276,111.47599568856332
2561,4,0,2,2,9,688.6436377301711,730.2345916150905,705.002236015051,-334.32181886508556,0.3715580918964509,0.2399184533860896,113.48142845162039
2562,4,0,2,2,10,690.2833151820969,731.8742690670163,706.6419134669768,-335.14165759104844,0.37293759360879175,0.2408975287385584,113.94453109333813
2563,4,0,2,2,11,661.5030200077641,703.0939738926835,677.861618292644,-320.75151000388206,0.3624987391484989,0.22665916392563598,107.20978453682582
2564,4,0,2,2,12,615.8684648090755,657.4594186939948,632.2270630939554,-297.93423240453774,0.34458118183861,0.20551832168021714,97.21016615474271
2565,4,0,2,3,8,639.2491470549301,684.9991963283413,657.243605168298,-308.62457352746503,0.35601483349024615,0.2149609706392715,101.67653911237542
2566,4,0,2,3,9,689.531161492901,735.2812107663123,707.525619606269,-333.7655807464505,0.371601210849326,0.2393783756659896,113.22597169001308
2567,4,0,2,3,10,692.6411106509196,738.3911599243309,710.6355687642875,-335.3205553254598,0.372736948306817,0.24104245481358413,114.0130811268253
2568,4,0,2,3,11,662.4272808221986,708.1773300956098,680.4217389355665,-320.2136404110993,0.3626976861111667,0.22613911946755202,106.96380350815211
2569,4,0,2,3,12,599.2621992161824,645.0122484895936,617.2566573295503,-288.6310996080912,0.33736425852326435,0.19718370320103054,93.26789161408745
2570,4,0,2,4,8,630.9402903490434,680.8494350109465,650.5706082908994,-303.4701451745217,0.35408946525675483,0.2101734929286869,99.4120621552689
2571,4,0,2,4,9,653.1121763817589,703.021321043662,672.7424943236149,-314.55608819087945,0.35747239028887823,0.22025099454417435,104.17872041939447
2572,4,0,2,4,10,693.9885293564164,743.8976740183195,713.6188472982724,-334.9942646782082,0.3714184629904242,0.24067563515460033,113.83957542812595
2573,4,0,2,4,11,663.8558272333111,713.7649718952142,683.486145175167,-319.92791361665553,0.3627663633843152,0.22585600549553594,106.8298905993885
2574,4,0,2,4,12,595.268196996459,645.1773416583621,614.898514938315,-285.6340984982295,0.33585231419994227,0.19451880504596605,92.00739478674194
2575,4,0,3,0,8,691.3622093196527,728.7940678160801,706.0849477760447,-336.68110465982636,0.373756251219751,0.24244979241029507,114.67875181006957
2576,4,0,3,0,9,691.3622093196527,728.7940678160801,706.0849477760447,-336.68110465982636,0.373756251219751,0.24244979241029507,114.67875181006957
2577,4,0,3,0,10,691.3622093196527,728.7940678160801,706.0849477760447,-336.68110465982636,0.373756251219751,0.24244979241029507,114.67875181006957
2578,4,0,3,0,11,691.3622093196527,728.7940678160801,706.0849477760447,-336.68110465982636,0.373756251219751,0.24244979241029507,114.67875181006957
2579,4,0,3,0,12,691.3622093196527,728.7940678160801,706.0849477760447,-336.68110465982636,0.373756251219751,0.24244979241029507,114.67875181006957
2580,4,0,3,1,8,946.4268442722796,988.017798157199,962.7854425571595,-463.2134221361398,0.4877999900936631,0.40315966827754085,190.69452309527682
2581,4,0,3,1,9,690.7156702923282,732.3066241772476,707.0742685772082,-335.3578351461641,0.3729780273715592,0.241045944888378,114.01473193220279
2582,4,0,3,1,10,692.5506814822176,734.1416353671369,708.9092797670975,-336.2753407411088,0.3733234845131588,0.242020161821734,114.47553654168019
2583,4,0,3,1,11,655.136688956691,696.7276428416104,671.495287241571,-317.5683444783455,0.36112376031906973,0.2237016713902536,105.81089056758995
2584,4,0,3,1,12,647.1297782727838,688.7207321577032,663.4883765576637,-313.5648891363919,0.3540582431038014,0.21985727878590522,103.99249286573317
2585,4,0,3,2,8,677.9721097050732,723.7221589784845,695.9665678184411,-327.9860548525366,0.3686099243916628,0.23350689122428814,110.4487595490883
2586,4,0,3,2,9,689.6896652073037,735.439714480715,707.6841233206717,-333.84483260365187,0.37164648274393475,0.23953755068144789,113.30126147232485
2587,4,0,3,2,10,692.8529672144846,738.6030164878958,710.8474253278525,-335.4264836072423,0.3729556379192769,0.2411530686893158,114.06540149004637
2588,4,0,3,2,11,660.914198137358,706.6642474107692,678.9086562507259,-319.457099068679,0.3613987341987091,0.22541363515016852,106.62064942602971
2589,4,0,3,2,12,617.5754149717997,663.3254642452109,635.5698730851676,-297.78770748589983,0.3442172317803478,0.20534800399149383,97.12960588797658
2590,4,0,3,3,8,639.4433731149038,689.352517776807,659.0736910567598,-307.7216865574519,0.3558712098339606,0.21412454748095816,101.28091095849321
2591,4,0,3,3,9,690.0920187286392,740.0011633905424,709.7223366704952,-333.0460093643196,0.37238129852765645,0.23859715974173326,112.85645655783983
2592,4,0,3,3,10,694.97442459735,744.8835692592531,714.604742539206,-335.487212298675,0.3729456957201932,0.2412028332650343,114.08894013436122
2593,4,0,3,3,11,658.8254426088569,708.73458727076,678.4557605507129,-317.41272130442843,0.35844796397937906,0.2234811102169201,105.7065651326032
2594,4,0,3,3,12,601.0373684888611,650.9465131507643,620.6676864307171,-288.5186842444306,0.33702544685862,0.19712976973945373,93.24238108676161
2595,4,0,3,4,8,631.8413110033102,685.9095510537054,653.1074887736542,-302.9206555016551,0.3542137879704295,0.20973898184298415,99.2065384117315
2596,4,0,3,4,9,655.4061531069826,709.4743931573778,676.6723308773265,-314.7030765534913,0.3580140823418135,0.22040175482981636,104.25003003450314
2597,4,0,3,4,10,700.9207820565616,754.9890221069568,722.1869598269055,-337.4603910282808,0.37730847243994825,0.24309225061933548,114.98263454294569
2598,4,0,3,4,11,667.1332600052461,721.2015000556413,688.3994377755901,-320.56663000262307,0.36401417769187266,0.22645078212172645,107.11121994357661
2599,4,0,3,4,12,597.4376230603106,651.5058631107057,618.7038008306545,-285.7188115301553,0.3357315157737878,0.19469226442282012,92.08944107199392
2600,4,0,4,0,8,688.3936981653101,729.9846520502294,704.75229645019,-334.19684908265504,0.3721103035543044,0.23991473024277693,113.47966740483349
2601,4,0,4,0,9,688.3936981653101,729.9846520502294,704.75229645019,-334.19684908265504,0.3721103035543044,0.23991473024277693,113.47966740483349
2602,4,0,4,0,10,688.3936981653101,729.9846520502294,704.75229645019,-334.19684908265504,0.3721103035543044,0.23991473024277693,113.47966740483349
2603,4,0,4,0,11,688.3936981653101,729.9846520502294,704.75229645019,-334.19684908265504,0.3721103035543044,0.23991473024277693,113.47966740483349
2604,4,0,4,0,12,688.3936981653101,729.9846520502294,704.75229645019,-334.19684908265504,0.3721103035543044,0.23991473024277693,113.47966740483349
2605,4,0,4,1,8,915.8568763801848,961.606925653596,933.8513344935527,-446.9284381900924,0.45492842672727735,0.3590983939221918,169.85354032519672
2606,4,0,4,1,9,690.7830116514843,736.5330609248956,708.7774697648523,-334.3915058257422,0.37255772596124853,0.24009877561745233,113.56672086705495
2607,4,0,4,1,10,690.3118835019517,736.061932775363,708.3063416153196,-334.15594175097584,0.37210149156724803,0.23989518478963348,113.47042240549663
2608,4,0,4,1,11,643.4800280282938,689.230077301705,661.4744861416617,-310.7400140141469,0.35303137849043337,0.2171270577642383,102.70109832248471
2609,4,0,4,1,12,648.6971670614016,694.4472163348129,666.6916251747696,-313.3485835307008,0.35384781220011796,0.21966853829148067,103.90321861187036
2610,4,0,4,2,8,684.6200101668144,734.5291548287175,704.2503281086704,-330.3100050834072,0.37377476072886245,0.23535944669920764,111.32501828872522
2611,4,0,4,2,9,680.0112773361848,729.9204219980879,699.6415952780408,-328.0056386680924,0.3679627933968898,0.2334530277490598,110.42328212530528
2612,4,0,4,2,10,689.592683310228,739.5018279721312,709.223001252084,-332.796341655114,0.3704966137229105,0.23850038950954905,112.8106842380167
2613,4,0,4,2,11,663.1901348718947,713.0992795337978,682.8204528137506,-319.5950674359473,0.3613469109934024,0.22557689438571674,106.69787104444401
2614,4,0,4,2,12,618.5246806148587,668.4338252767618,638.1549985567146,-297.2623403074293,0.3436278003703633,0.20497542916326741,96.95337799422549
2615,4,0,4,3,8,640.9798315949563,695.0480716453515,662.2460093653002,-307.48991579747815,0.35386679317226793,0.21399804349624799,101.2210745737253
2616,4,0,4,3,9,686.752235192305,740.8204752427001,708.0184129626489,-330.3761175961525,0.3689698666222385,0.23588646815026884,111.57429943507717
2617,4,0,4,3,10,691.4007932191954,745.4690332695906,712.6669709895393,-332.7003966095977,0.3705205617390888,0.23840859216068622,112.76726409200458
2618,4,0,4,3,11,654.9007771191608,708.969017169556,676.1669548895047,-314.4503885595804,0.3575244259434435,0.22071185519162556,104.39670750563889
2619,4,0,4,3,12,599.8872914766669,653.955531527062,621.1534692470108,-286.94364573833343,0.3359187441841684,0.19579660361990886,92.61179351221689
2620,4,0,4,4,8,631.604789823044,689.8321252619311,654.506827421876,-301.802394911522,0.35194429994866394,0.20874401614576354,98.73591963694615
2621,4,0,4,4,9,650.529433554929,708.7567689938161,673.431471153761,-311.2647167774645,0.3535720303811314,0.2173184661681083,102.79163449751522
2622,4,0,4,4,10,693.1089728902904,751.3363083291774,716.0110104891223,-332.5544864451452,0.37147883345869,0.23823854001143072,112.68682942540673
2623,4,0,4,4,11,663.6199103579606,721.8472457968477,686.5219479567926,-317.8099551789803,0.35915262990872565,0.22379083932465568,105.85306700056213
2624,4,0,4,4,12,597.4566308179438,655.6839662568309,620.3586684167758,-284.7283154089719,0.33525048217955317,0.1939925608530696,91.75848128350192
2625,4,1,0,0,8,709.0669887397489,734.0088626532622,718.8780235337102,-348.53349436987446,0.42796908511846093,0.9949917981892193,470.63112054350074
2626,4,1,0,0,9,709.0669887397489,734.0088626532622,718.8780235337102,-348.53349436987446,0.42796908511846093,0.9949917981892193,470.63112054350074
2627,4,1,0,0,10,709.0669887397489,734.0088626532622,718.8780235337102,-348.53349436987446,0.42796908511846093,0.9949917981892193,470.63112054350074
2628,4,1,0,0,11,709.0669887397489,734.0088626532622,718.8780235337102,-348.53349436987446,0.42796908511846093,0.9949917981892193,470.63112054350074
2629,4,1,0,0,12,709.0669887397489,734.0088626532622,718.8780235337102,-348.53349436987446,0.42796908511846093,0.9949917981892193,470.63112054350074
2630,4,1,0,1,8,703.6076411699496,732.7064940690485,715.0538484295712,-344.8038205849748,0.42401425712536633,0.9909819224215451,468.73444930539085
2631,4,1,0,1,9,709.8099887659682,738.9088416650671,721.2561960255898,-347.9049943829841,0.4264121221693604,0.994319583495159,470.3131629932102
2632,4,1,0,1,10,711.0638137229743,740.1626666220732,722.5100209825958,-348.53190686148713,0.4278852474849131,0.9949899903205764,470.63026542163266
2633,4,1,0,1,11,685.0362624599813,714.1351153590803,696.4824697196029,-335.5181312299907,0.4181793925698298,0.9811892109234953,464.10249676681326
2634,4,1,0,1,12,674.2447802566994,703.3436331557983,685.690987516321,-330.1223901283497,0.4129686515507965,0.9756687415507037,461.49131475348287
2635,4,1,0,2,8,685.1298573238845,718.3856892085689,698.2112370491662,-334.56492866194225,0.41831540250599497,0.9801161254772204,463.59492735072524
2636,4,1,0,2,9,696.5657936676944,729.8216255523788,709.6471733929761,-340.2828968338472,0.41657640141090246,0.9860404651657321,466.3971400233913
2637,4,1,0,2,10,708.2353122933132,741.4911441779976,721.316692018595,-346.1176561466566,0.42722251320738086,0.9923565334388362,469.3846403165695
2638,4,1,0,2,11,686.9901166877625,720.2459485724469,700.0714964130442,-335.4950583438812,0.4181645565481699,0.9811630904503328,464.0901417830074
2639,4,1,0,2,12,638.9935575180143,672.2493894026987,652.0749372432961,-311.49677875900716,0.39782138626398855,0.9573513276498725,452.8271779783897
2640,4,1,0,3,8,648.2531173572206,685.6659282274907,662.9696695481626,-315.1265586786103,0.40216985836200425,0.9607824889100592,454.450117254458
2641,4,1,0,3,9,694.546406949833,731.959217820103,709.262959140775,-338.2732034749165,0.4160524235799196,0.9839214591219898,465.39485016470115
2642,4,1,0,3,10,708.8439767804546,746.2567876507246,723.5605289713966,-345.4219883902273,0.4285132572430124,0.9915619185414476,469.0087874701047
2643,4,1,0,3,11,686.90991505645,724.3227259267201,701.626467247392,-334.454957528225,0.41738590535933023,0.9800551881061779,463.56610397422213
2644,4,1,0,3,12,617.6317090237254,655.0445198939954,632.3482612146674,-299.8158545118627,0.38635698579505195,0.9465411015682638,447.71394104178876
2645,4,1,0,4,8,639.0202753468992,680.5900652027548,655.3720000035014,-309.5101376734496,0.3987351890247223,0.9554222519513929,451.91472517300883
2646,4,1,0,4,9,660.0111247296783,701.5809145855338,676.3628493862805,-320.00556236483914,0.4036134143800078,0.9652576794870374,456.5668823973687
2647,4,1,0,4,10,706.2276946310516,747.7974844869071,722.5794192876538,-343.1138473155258,0.426839553873425,0.9889805694820751,467.78780936502153
2648,4,1,0,4,11,685.8707567631393,727.4405466189949,702.2224814197415,-332.93537838156965,0.41596344618030917,0.978431738511593,462.7982123159835
2649,4,1,0,4,12,611.9018832706295,653.471673126485,628.2536079272317,-295.95094163531473,0.3828687615874224,0.9431313665899316,446.10113639703764
2650,4,1,1,0,8,655.5444842877237,684.6433371868226,666.9906915473453,-320.77224214386183,0.4042759182351055,0.9664572559541271,457.13428206630215
2651,4,1,1,0,9,655.5444842877237,684.6433371868226,666.9906915473453,-320.77224214386183,0.4042759182351055,0.9664572559541271,457.13428206630215
2652,4,1,1,0,10,655.5444842877237,684.6433371868226,666.9906915473453,-320.77224214386183,0.4042759182351055,0.9664572559541271,457.13428206630215
2653,4,1,1,0,11,655.5444842877237,684.6433371868226,666.9906915473453,-320.77224214386183,0.4042759182351055,0.9664572559541271,457.13428206630215
2654,4,1,1,0,12,655.5444842877237,684.6433371868226,666.9906915473453,-320.77224214386183,0.4042759182351055,0.9664572559541271,457.13428206630215
2655,4,1,1,1,8,655.8631133207555,689.1189452054399,668.9444930460372,-319.93155666037774,0.40395247261380435,0.9656610329245925,456.75766857333224
2656,4,1,1,1,9,654.9354072267084,688.1912391113929,668.0167869519902,-319.4677036133542,0.40166999342535464,0.9652057245833453,456.5423077279223
2657,4,1,1,1,10,656.3676649044512,689.6234967891356,669.449044629733,-320.1838324522256,0.40388146105803197,0.9658829411422127,456.86263116026663
2658,4,1,1,1,11,644.079912492951,677.3357443776355,657.1612922182328,-314.0399562464755,0.39902683935181327,0.9600811439941005,454.1183811092095
2659,4,1,1,1,12,637.704182012525,670.9600138972095,650.7855617378068,-310.8520910062625,0.3932127207324594,0.9570897899798858,452.703470660486
2660,4,1,1,2,8,644.6147307714305,682.0275416417005,659.3312829623725,-313.30736538571523,0.3991368745331514,0.9593310211645771,453.763573010845
2661,4,1,1,2,9,655.549775609338,692.962586479608,670.26632780028,-318.774887804669,0.4002065008313769,0.9645427081764659,456.2287009674684
2662,4,1,1,2,10,653.5794333820963,690.9922442523664,668.2959855730384,-317.78971669104817,0.4027500915219715,0.9635734436371349,455.7702388403648
2663,4,1,1,2,11,645.147501247807,682.560312118077,659.864053438749,-313.5737506239035,0.3981079214222804,0.9596338248395989,453.9067991491303
2664,4,1,1,2,12,618.3319372655683,655.7447481358383,633.0484894565103,-300.16596863278414,0.3869272076989465,0.9470743768622393,447.96618025583916
2665,4,1,1,3,8,624.8713148769572,666.4411047328127,641.2230395335594,-302.4356574384786,0.39161830554089333,0.9492840330579325,449.0113476364021
2666,4,1,1,3,9,648.2611756994329,689.8309655552885,664.6129003560351,-314.13058784971645,0.39759036269220566,0.9600455255925541,454.10153360527806
2667,4,1,1,3,10,654.0691107847377,695.6389006405933,670.4208354413399,-317.0345553923689,0.40124282250036736,0.962829880051065,455.4185332641537
2668,4,1,1,3,11,644.2430605954922,685.8128504513478,660.5947852520944,-312.1215302977461,0.39873412704875194,0.9582225681992017,453.2392747582224
2669,4,1,1,3,12,603.9829396524351,645.5527295082907,620.3346643090373,-291.99146982621755,0.3763008053047803,0.9399085430402251,444.5767408580265
2670,4,1,1,4,8,614.3865411275547,660.1133099689957,632.3734382498171,-296.19327056377733,0.3888854133005608,0.9436317008910952,446.33779452148804
2671,4,1,1,4,9,632.0969389476653,677.8237077891064,650.0838360699278,-305.04846947383265,0.3894693332995483,0.9514991370488545,450.0590918241082
2672,4,1,1,4,10,655.2491065665145,700.9758754079555,673.2360036887769,-316.6245532832572,0.40111399939242226,0.9624309196194428,455.22982497999647
2673,4,1,1,4,11,645.00218607243,690.7289549138711,662.9890831946925,-311.501093036215,0.3983372690570598,0.9576156527809506,452.95220376538964
2674,4,1,1,4,12,600.1159224817562,645.8426913231973,618.1028196040187,-289.0579612408781,0.37432895961427165,0.9373839055003652,443.38258730167274
2675,4,1,2,0,8,666.1813602106394,699.4371920953238,679.2627399359211,-325.0906801053197,0.4126757973089051,0.9704109683631681,459.0043880357785
2676,4,1,2,0,9,666.1813602106394,699.4371920953238,679.2627399359211,-325.0906801053197,0.4126757973089051,0.9704109683631681,459.0043880357785
2677,4,1,2,0,10,666.1813602106394,699.4371920953238,679.2627399359211,-325.0906801053197,0.4126757973089051,0.9704109683631681,459.0043880357785
2678,4,1,2,0,11,666.1813602106394,699.4371920953238,679.2627399359211,-325.0906801053197,0.4126757973089051,0.9704109683631681,459.0043880357785
2679,4,1,2,0,12,666.1813602106394,699.4371920953238,679.2627399359211,-325.0906801053197,0.4126757973089051,0.9704109683631681,459.0043880357785
2680,4,1,2,1,8,696.8001316802665,734.2129425505366,711.5166838712086,-339.40006584013327,0.4202384126261511,0.9850139829514465,465.9116139360342
2681,4,1,2,1,9,691.9597640629563,729.3725749332264,706.6763162538983,-336.97988203147816,0.41849544072553496,0.9824828628082586,464.7143941083063
2682,4,1,2,1,10,672.3103194878383,709.7231303581084,687.0268716787804,-327.15515974391917,0.41170482046957874,0.9723712160675251,459.9315851999394
2683,4,1,2,1,11,681.828262721167,719.241073591437,696.544814912109,-331.9141313605835,0.41302317141032363,0.9771353182048029,462.1850055108718
2684,4,1,2,1,12,661.600350688788,699.0131615590581,676.31690287973,-321.800175344394,0.404265101093943,0.9665759437991421,457.19042141699424
2685,4,1,2,2,8,688.1671949640871,729.7369848199427,704.5189196206893,-334.08359748204356,0.4166242199489358,0.9793710624050354,463.2425125175817
2686,4,1,2,2,9,699.8918410663584,741.461630922214,716.2435657229606,-339.9459205331792,0.4204275213315288,0.9855680724997068,466.17369829236134
2687,4,1,2,2,10,699.8692281124845,741.4390179683401,716.2209527690867,-339.93461405624225,0.42110755746255046,0.9855640560283713,466.17179850141963
2688,4,1,2,2,11,685.9706741749449,727.5404640308004,702.322398831547,-332.98533708747243,0.41496073606039513,0.9784323339875393,462.79849397610604
2689,4,1,2,2,12,638.054625346705,679.6244152025606,654.4063500033072,-309.0273126733525,0.394799080458279,0.954948223297638,451.69050961978274
2690,4,1,2,3,8,654.2838878489391,700.0106566903802,672.2707849712016,-316.14194392446956,0.40304482664347996,0.9615819531038082,454.8282638181013
2691,4,1,2,3,9,698.2964390833749,744.023207924816,716.2833362056374,-338.14821954168747,0.4201851661096225,0.9836257680789903,465.2549883013624
2692,4,1,2,3,10,696.4294396597979,742.156208501239,714.4163367820604,-337.21471982989897,0.41974708622131257,0.9827226753692799,464.82782544966943
2693,4,1,2,3,11,683.152838632253,728.879607473694,701.1397357545154,-330.5764193161265,0.41490027118865613,0.975865425986038,461.584346491396
2694,4,1,2,3,12,627.0652102672157,672.7919791086567,645.0521073894781,-302.53260513360783,0.3870765513422948,0.9489753742943599,448.8653520412322
2695,4,1,2,4,8,643.6836425937583,693.567390420785,663.305712181681,-309.8418212968792,0.3996171249624043,0.9556172039753535,452.00693748034223
2696,4,1,2,4,9,669.7097504843028,719.5934983113295,689.3318200722255,-322.8548752421514,0.4080879469226318,0.9678728185514119,457.80384317481787
2697,4,1,2,4,10,706.726606676479,756.6103545035057,726.3486762644017,-341.3633033382395,0.4237403360849019,0.9869410693061392,466.82312578180387
2698,4,1,2,4,11,691.9690378334108,741.8527856604375,711.5911074213334,-333.9845189167054,0.41620555401443926,0.979012820038284,463.07306387810837
2699,4,1,2,4,12,622.0405376732497,671.9242855002764,641.6626072611723,-299.02026883662484,0.38435411786365264,0.945666632072058,447.30031697008343
2700,4,1,3,0,8,620.5344600511582,657.9472709214283,635.2510122421003,-301.2672300255791,0.3892530850675092,0.9481824931140613,448.490319242951
2701,4,1,3,0,9,620.5344600511582,657.9472709214283,635.2510122421003,-301.2672300255791,0.3892530850675092,0.9481824931140613,448.490319242951
2702,4,1,3,0,10,620.5344600511582,657.9472709214283,635.2510122421003,-301.2672300255791,0.3892530850675092,0.9481824931140613,448.490319242951
2703,4,1,3,0,11,620.5344600511582,657.9472709214283,635.2510122421003,-301.2672300255791,0.3892530850675092,0.9481824931140613,448.490319242951
2704,4,1,3,0,12,620.5344600511582,657.9472709214283,635.2510122421003,-301.2672300255791,0.3892530850675092,0.9481824931140613,448.490319242951
2705,4,1,3,1,8,618.1960927940403,659.7658826498958,634.5478174506425,-299.09804639702014,0.3855747949170972,0.9463863259810052,447.64073218901547
2706,4,1,3,1,9,603.1625922222702,644.7323820781257,619.5143168788724,-291.5812961111351,0.37856655188023874,0.9399199450288742,444.5821339986575
2707,4,1,3,1,10,611.2599012616946,652.8296911175502,627.6116259182968,-295.6299506308473,0.38292497068396003,0.9433828865931343,446.22010535855253
2708,4,1,3,1,11,650.6323577548574,692.2021476107129,666.9840824114596,-315.3161788774287,0.4017533536013969,0.9610524156385609,454.5777925970393
2709,4,1,3,1,12,643.9102946828734,685.480084538729,660.2620193394756,-311.9551473414367,0.3962357682714514,0.9578044592087177,453.04150920572346
2710,4,1,3,2,8,615.8452030444726,661.5719718859136,633.832100166735,-296.9226015222363,0.38355855093066804,0.9444847782898316,446.7413001310903
2711,4,1,3,2,9,603.4916947617953,649.2184636032364,621.4785918840578,-290.74584738089766,0.3792654382037933,0.9391740208255894,444.2293118505038
2712,4,1,3,2,10,609.6130035374958,655.3397723789369,627.5999006597583,-293.8065017687479,0.3824458057183086,0.9417625968287741,445.45370830001013
2713,4,1,3,2,11,652.4808208289544,698.2075896703955,670.4677179512169,-315.2404104144772,0.4018532617932318,0.9609706126279137,454.5390997730032
2714,4,1,3,2,12,616.7330498673765,662.4598187088176,634.719946989639,-297.36652493368825,0.38673124893278227,0.9445580710546516,446.77596760885024
2715,4,1,3,3,8,610.3199713728615,660.2037191998882,629.9420409607841,-293.15998568643073,0.3805755396021027,0.9410545755124671,445.1188142173969
2716,4,1,3,3,9,600.8387348711234,650.7224826981501,620.460804459046,-288.4193674355617,0.3772226566114256,0.9371130009069493,443.254449428987
2717,4,1,3,3,10,596.9447588571333,646.82850668416,616.5668284450559,-286.4723794285666,0.37575349474924186,0.9355898857071397,442.5340159394771
2718,4,1,3,3,11,652.8224255886687,702.7061734156954,672.4444951765913,-314.41121279433435,0.40239296603053426,0.9601731444353413,454.16189731791644
2719,4,1,3,3,12,600.7281158588037,650.6118636858304,620.3501854467263,-288.36405792940184,0.37825100664932293,0.9365397930215639,442.9833220991997
2720,4,1,3,4,8,620.2241782083996,674.2649050210118,641.4814202619825,-297.1120891041998,0.3942490258083183,0.944065721958911,446.5430864865649
2721,4,1,3,4,9,594.375064983391,648.4157917960032,615.6323070369739,-284.1875324916955,0.3719206901559883,0.9335475577851068,441.5679948323555
2722,4,1,3,4,10,668.7833234511218,722.824050263734,690.0405655047047,-321.3916617255609,0.4097077678228161,0.9668168143590797,457.3043531918447
2723,4,1,3,4,11,650.7442971372527,704.7850239498649,672.0015391908356,-312.37214856862636,0.40050208368123624,0.9582016108157144,453.2293619158329
2724,4,1,3,4,12,597.3593259421457,651.4000527547579,618.6165679957286,-285.67966297107284,0.37715939014799416,0.9342243297090715,441.88810795239084
2725,4,1,4,0,8,608.1512842249228,649.7210740807784,624.503008881525,-294.0756421124614,0.38326220639580844,0.9421074338133166,445.61681619369875
2726,4,1,4,0,9,608.1512842249228,649.7210740807784,624.503008881525,-294.0756421124614,0.38326220639580844,0.9421074338133166,445.61681619369875
2727,4,1,4,0,10,608.1512842249228,649.7210740807784,624.503008881525,-294.0756421124614,0.38326220639580844,0.9421074338133166,445.61681619369875
2728,4,1,4,0,11,608.1512842249228,649.7210740807784,624.503008881525,-294.0756421124614,0.38326220639580844,0.9421074338133166,445.61681619369875
2729,4,1,4,0,12,608.1512842249228,649.7210740807784,624.503008881525,-294.0756421124614,0.38326220639580844,0.9421074338133166,445.61681619369875
2730,4,1,4,1,8,628.8654697751667,674.5922386166078,646.8523668974292,-303.43273488758336,0.3905840217253336,0.9503620991020779,449.5212728752829
2731,4,1,4,1,9,602.8936144661458,648.6203833075868,620.8805115884082,-290.4468072330729,0.37624737707051853,0.9389357577309551,444.11661340674175
2732,4,1,4,1,10,615.0071019688849,660.7338708103259,632.9939990911473,-296.5035509844424,0.38435198474210724,0.9440860074151327,446.55268150735776
2733,4,1,4,1,11,629.5669962756195,675.2937651170606,647.553893397882,-303.7834981378098,0.3907036628322708,0.949918778055117,449.3115820200704
2734,4,1,4,1,12,640.1519351750314,685.8787040164725,658.1388322972939,-309.0759675875157,0.3956900088647937,0.9551971358263772,451.80824524587644
2735,4,1,4,2,8,623.7610156647602,673.6447634917869,643.3830852526828,-299.8805078323801,0.38774600846434415,0.9471257227210151,447.9904668470402
2736,4,1,4,2,9,601.3836477503176,651.2673955773442,621.0057173382402,-288.6918238751588,0.37795248898503825,0.9374217450985459,443.4004854316122
2737,4,1,4,2,10,622.3365020423562,672.2202498693829,641.9585716302788,-299.1682510211781,0.3845678758506344,0.9464254553876325,447.65924039835016
2738,4,1,4,2,11,628.3887187083435,678.2724665353702,648.0107882962661,-302.19435935417175,0.3898977378741797,0.949240652578277,448.99082866952506
2739,4,1,4,2,12,615.8471480346828,665.7308958617095,635.4692176226055,-295.9235740173414,0.3858967626180955,0.9432693442873393,446.1663998479115
2740,4,1,4,3,8,615.0720657526329,669.1127925652451,636.3293078062158,-294.5360328763164,0.3830689314037042,0.9424072844841516,445.7586455610037
2741,4,1,4,3,9,596.2433054083451,650.2840322209573,617.500547461928,-285.12165270417256,0.37636579924399743,0.9345882114987806,442.0602240389232
2742,4,1,4,3,10,608.0924446056266,662.1331714182388,629.3496866592095,-291.0462223028133,0.3759908901779102,0.9395035318586218,444.3851705691281
2743,4,1,4,3,11,647.0900655034973,701.1307923161095,668.3473075570802,-310.54503275174864,0.3964534232183517,0.9562953211365586,452.32768689759223
2744,4,1,4,3,12,604.664018991878,658.7047458044902,625.9212610454609,-289.332009495939,0.3786994464788641,0.9372422628946209,443.3155903491557
2745,4,1,4,4,8,610.8105803918224,669.0082861900203,633.7029949110656,-291.4052901959112,0.3817894504000759,0.9397111730732842,444.48338486366345
2746,4,1,4,4,9,597.7578274975683,655.9555332957661,620.6502420168115,-284.87891374878416,0.3721830382251607,0.9341355985465177,441.8461381125029
2747,4,1,4,4,10,611.9195453357277,670.1172511339255,634.8119598549708,-291.95977266786383,0.37768704479609105,0.9400002599580914,444.62012296017724
2748,4,1,4,4,11,651.2376496153743,709.4353554135721,674.1300641346174,-311.61882480768713,0.4003967164976607,0.9575501252051297,452.92120922202633
2749,4,1,4,4,12,598.8671632242119,657.0648690224098,621.7595777434551,-285.43358161210597,0.3761260736152328,0.9341549100115231,441.8552724354504
2750,4,2,0,0,8,851.555224837728,876.4843734018265,861.3621252853824,-419.777612418864,0.5094273264446205,1.2866406531115189,608.5810289217484
2751,4,2,0,0,9,851.555224837728,876.4843734018265,861.3621252853824,-419.777612418864,0.5094273264446205,1.2866406531115189,608.5810289217484
2752,4,2,0,0,10,851.555224837728,876.4843734018265,861.3621252853824,-419.777612418864,0.5094273264446205,1.2866406531115189,608.5810289217484
2753,4,2,0,0,11,851.555224837728,876.4843734018265,861.3621252853824,-419.777612418864,0.5094273264446205,1.2866406531115189,608.5810289217484
2754,4,2,0,0,12,851.555224837728,876.4843734018265,861.3621252853824,-419.777612418864,0.5094273264446205,1.2866406531115189,608.5810289217484
2755,4,2,0,1,8,846.17743387429,875.261440532405,857.6188177298867,-416.088716937145,0.5061183278743561,1.2812193214060417,606.0167390250577
2756,4,2,0,1,9,851.5138067895768,880.5978134476918,862.9551906451735,-418.7569033947884,0.5076046783187905,1.2851377508624842,607.870156157955
2757,4,2,0,1,10,853.5544873582087,882.6384940163236,864.9958712138053,-419.77724367910434,0.5094047650992899,1.286640415228979,608.580916403307
2758,4,2,0,1,11,825.2335677562457,854.3175744143607,836.6749516118424,-405.6167838781229,0.4999519590401161,1.2661666860993002,598.896842524969
2759,4,2,0,1,12,810.4191019009337,839.5031085590487,821.8604857565304,-398.20955095046685,0.49001824801059535,1.2558113067491548,593.9987480923502
2760,4,2,0,2,8,824.6771403599284,857.9160051120598,837.7530076234675,-404.3385701799642,0.4957477620227244,1.264322484644603,598.0245352368972
2761,4,2,0,2,9,844.7662155667233,878.0050803188547,857.8420828302624,-414.38310778336165,0.5058001966173198,1.2786537358108274,604.8032170385213
2762,4,2,0,2,10,851.0121653736675,884.2510301257988,864.0880326372065,-417.50608268683374,0.5092178535198388,1.2832624641666734,606.9831455508365
2763,4,2,0,2,11,827.2240061694649,860.4628709215963,840.299873433004,-405.61200308473246,0.5000058490060714,1.266160082655464,598.8937190960345
2764,4,2,0,2,12,772.64737166232,805.8862364144513,785.723238925859,-378.32368583116,0.4714656389315755,1.2296701406442665,581.633976524738
2765,4,2,0,3,8,782.9587919972097,820.3525148433574,797.6691426686912,-382.47939599860484,0.47278358036376195,1.2350463516889638,584.1769243488799
2766,4,2,0,3,9,840.8098950061986,878.2036178523464,855.5202456776801,-411.4049475030993,0.4998087866898222,1.2743149489438972,602.7509708504633
2767,4,2,0,3,10,852.8349299522785,890.2286527984262,867.5452806237599,-417.41746497613923,0.5103201775650759,1.2831219879591138,606.9167003046608
2768,4,2,0,3,11,825.8366357851792,863.2303586313269,840.5469864566606,-403.9183178925896,0.4973238949690745,1.2637365232331061,597.7473754892592
2769,4,2,0,3,12,750.4366721040124,787.8303949501601,765.1470227754938,-366.2183360520062,0.45961688327535066,1.2146362588008444,574.5229504127993
2770,4,2,0,4,8,771.0354495228462,812.5840304630103,787.3802836022701,-375.5177247614231,0.47128031031359635,1.2262349592285866,580.0091357151215
2771,4,2,0,4,9,800.5623516471937,842.1109325873579,816.9071857266176,-390.28117582359687,0.48149411400038367,1.244845352836944,588.8118518918745
2772,4,2,0,4,10,848.5148755089995,890.0634564491636,864.8597095884234,-414.25743775449973,0.5067280135769906,1.2783793213022006,604.6734189759409
2773,4,2,0,4,11,825.7999179729395,867.3484989131036,842.1447520523634,-402.89995898646976,0.49645124389897477,1.2622992726175706,597.0675559481109
2774,4,2,0,4,12,745.5395254018682,787.0881063420323,761.8843594812921,-362.7697627009341,0.45592653758768226,1.2104990413246244,572.5660465465473
2775,4,2,1,0,8,717.2709232282202,746.3549298863352,728.7123070838169,-351.6354616141101,0.45156041855005913,1.19937269823548,567.303286265382
2776,4,2,1,0,9,717.2709232282202,746.3549298863352,728.7123070838169,-351.6354616141101,0.45156041855005913,1.19937269823548,567.303286265382
2777,4,2,1,0,10,717.2709232282202,746.3549298863352,728.7123070838169,-351.6354616141101,0.45156041855005913,1.19937269823548,567.303286265382
2778,4,2,1,0,11,717.2709232282202,746.3549298863352,728.7123070838169,-351.6354616141101,0.45156041855005913,1.19937269823548,567.303286265382
2779,4,2,1,0,12,717.2709232282202,746.3549298863352,728.7123070838169,-351.6354616141101,0.45156041855005913,1.19937269823548,567.303286265382
2780,4,2,1,1,8,712.4407293199437,745.679594072075,725.5165965834827,-348.22036465997184,0.44788087420359646,1.1955650678526553,565.5022770943059
2781,4,2,1,1,9,718.151359973387,751.3902247255184,731.2272272369261,-351.0756799866935,0.45012373334180295,1.1987302731616554,566.999419205463
2782,4,2,1,1,10,720.7139129504972,753.9527777026285,733.7897802140362,-352.3569564752486,0.45069067344161223,1.1998752053208503,567.5409721167622
2783,4,2,1,1,11,693.6488764900209,726.8877412421523,706.72474375356,-338.82443824501047,0.4427449406397038,1.1856009270802517,560.789238508959
2784,4,2,1,1,12,684.2917032747604,717.5305680268917,697.3675705382994,-334.1458516373802,0.4365626458488484,1.1807510902097516,558.4952656692125
2785,4,2,1,2,8,696.1049407715359,733.4986636176836,710.8152914430174,-339.05247038576795,0.4425553503998423,1.1857118005958869,560.8416816818545
2786,4,2,1,2,9,705.7658008153068,743.1595236614545,720.4761514867882,-343.8829004076534,0.440872717462032,1.190849561529558,563.271842603481
2787,4,2,1,2,10,716.595266956425,753.9889898025727,731.3056176279065,-349.2976334782125,0.450684446098799,1.196759431423525,566.0672110633274
2788,4,2,1,2,11,694.9897443131238,732.3834671592715,709.7000949846052,-338.4948721565619,0.44176079204611607,1.185269009351584,560.6322414232993
2789,4,2,1,2,12,649.4178811948575,686.8116040410052,664.128231866339,-315.70894059742875,0.42243367484200567,1.1623395249646336,549.7865953082717
2790,4,2,1,3,8,659.3264844054902,700.8750653456543,675.6713184849141,-319.6632422027451,0.42670029088371975,1.1662328141499596,551.6281210929309
2791,4,2,1,3,9,705.7789784305861,747.3275593707502,722.12381251001,-342.88948921529305,0.44046700696890884,1.1897931059764983,562.7721391268838
2792,4,2,1,3,10,719.1325101924344,760.6810911325986,735.4773442718583,-349.5662550962172,0.4525204692411534,1.197033935144281,566.1970513232449
2793,4,2,1,3,11,697.8514023120405,739.3999832522046,714.1962363914644,-338.92570115602024,0.4414002512965298,1.185701080231889,560.8366109496835
2794,4,2,1,3,12,627.2586939459125,668.8072748860766,643.6035280253363,-303.6293469729562,0.4108931171127044,1.1508841268303611,544.3681919907608
2795,4,2,1,4,8,651.4053875325744,697.108826566755,669.3847050199406,-314.7026937662872,0.4244006902170954,1.1613374795035563,549.3126278051822
2796,4,2,1,4,9,676.7185728661703,722.422011900351,694.6978903535365,-327.3592864330852,0.42905285696193735,1.1732362009014032,554.9407230263637
2797,4,2,1,4,10,716.4252925125534,762.128731546734,734.4046099999196,-347.2126462562767,0.4506665256812724,1.1944306147787371,564.9656807903426
2798,4,2,1,4,11,696.8545072235827,742.5579462577633,714.8338247109489,-337.42725361179134,0.44005471851507666,1.1841195120452301,560.0885291973939
2799,4,2,1,4,12,624.6321741713771,670.3356132055577,642.6114916587433,-301.31608708568854,0.40845934073777196,1.1486287049205484,543.3013774274194
2800,4,2,2,0,8,731.7112983671843,764.9501631193157,744.7871656307234,-357.85564918359216,0.4561238811596102,1.206252191537371,570.5572865971765
2801,4,2,2,0,9,731.7112983671843,764.9501631193157,744.7871656307234,-357.85564918359216,0.4561238811596102,1.206252191537371,570.5572865971765
2802,4,2,2,0,10,731.7112983671843,764.9501631193157,744.7871656307234,-357.85564918359216,0.4561238811596102,1.206252191537371,570.5572865971765
2803,4,2,2,0,11,731.7112983671843,764.9501631193157,744.7871656307234,-357.85564918359216,0.4561238811596102,1.206252191537371,570.5572865971765
2804,4,2,2,0,12,731.7112983671843,764.9501631193157,744.7871656307234,-357.85564918359216,0.4561238811596102,1.206252191537371,570.5572865971765
2805,4,2,2,1,8,728.2903159426334,765.6840387887811,743.0006666141148,-355.1451579713167,0.4550064644820311,1.2031166599531913,569.0741801578595
2806,4,2,2,1,9,731.4403043425175,768.8340271886652,746.150655013999,-356.72015217125875,0.4552867841918584,1.2049595625253435,569.9458730744875
2807,4,2,2,1,10,734.5563551864748,771.9500780326225,749.2667058579563,-358.2781775932374,0.45537047961937666,1.2067457369052539,570.790733556185
2808,4,2,2,1,11,707.6692711378873,745.0629939840351,722.3796218093688,-344.83463556894367,0.44660389189852573,1.1918580024516667,563.7488351596384
2809,4,2,2,1,12,682.910406116762,720.3041289629098,697.6207567882435,-332.455203058381,0.4357031174062459,1.1789048839714327,557.6220101184877
2810,4,2,2,2,8,708.5235466121655,750.0721275523297,724.8683806915894,-344.2617733060828,0.44622445184785314,1.1910899261844086,563.3855350852252
2811,4,2,2,2,9,720.2805253288592,761.8291062690233,736.6253594082831,-350.1402626644296,0.4485029815156104,1.197547856416461,566.4401360849861
2812,4,2,2,2,10,730.1846268388986,771.7332077790627,746.5294609183225,-355.0923134194493,0.45610037254942126,1.2031027714990823,569.0676109190659
2813,4,2,2,2,11,709.771764612522,751.3203455526861,726.1165986919459,-344.885882306261,0.44726593164482004,1.1919202967615061,563.7783003681924
2814,4,2,2,2,12,650.9703266918865,692.5189076320506,667.3151607713104,-315.48516334594325,0.42146364513660123,1.162057619640405,549.6532540899116
2815,4,2,2,3,8,669.6709337172981,715.3743727514787,687.6502512046643,-323.83546685864906,0.4291727007130657,1.1701211309682904,553.4672949480014
2816,4,2,2,3,9,716.6792373285576,762.3826763627383,734.6585548159238,-347.3396186642788,0.4467179532819578,1.1945131006824579,565.0046966228026
2817,4,2,2,3,10,730.4199845381447,776.1234235723254,748.3993020255109,-354.20999226907236,0.45569157953161255,1.2020940864132337,568.5905028734595
2818,4,2,2,3,11,708.969583950151,754.6730229843316,726.9489014375172,-343.4847919750755,0.44744187932002566,1.1904318079320575,563.0742451518632
2819,4,2,2,3,12,633.5710869011881,679.2745259353687,651.5504043885543,-305.78554345059405,0.41300514646955705,1.152682987078355,545.2190528880619
2820,4,2,2,4,8,656.7179677156196,706.5762648438166,676.3317686109282,-316.3589838578098,0.4247980891227888,1.16288485621343,550.0445369889524
2821,4,2,2,4,9,677.6820943349048,727.5403914631019,697.2958952302134,-326.8410471674524,0.4299775157207204,1.1728941181174775,554.7789178695668
2822,4,2,2,4,10,726.9569436840475,776.8152408122445,746.5707445793561,-351.47847184202374,0.45416475959219144,1.1990675798385988,567.1589652636573
2823,4,2,2,4,11,707.9751847948851,757.8334819230821,727.5889856901937,-341.98759239744254,0.44655242644367404,1.188834001345924,562.3184826366221
2824,4,2,2,4,12,624.719790058303,674.5780871865,644.3335909536116,-300.3598950291515,0.4077529078040982,1.1479587459041307,542.9844868126538
2825,4,2,3,0,8,734.7791221789028,772.1728450250505,749.4894728503842,-358.3895610894514,0.45796194468732093,1.2068528219192995,570.8413847678287
2826,4,2,3,0,9,734.7791221789028,772.1728450250505,749.4894728503842,-358.3895610894514,0.45796194468732093,1.2068528219192995,570.8413847678287
2827,4,2,3,0,10,734.7791221789028,772.1728450250505,749.4894728503842,-358.3895610894514,0.45796194468732093,1.2068528219192995,570.8413847678287
2828,4,2,3,0,11,734.7791221789028,772.1728450250505,749.4894728503842,-358.3895610894514,0.45796194468732093,1.2068528219192995,570.8413847678287
2829,4,2,3,0,12,734.7791221789028,772.1728450250505,749.4894728503842,-358.3895610894514,0.45796194468732093,1.2068528219192995,570.8413847678287
2830,4,2,3,1,8,733.6690164690816,775.2175974092457,750.0138505485055,-356.8345082345408,0.45636734725694306,1.2050442073723977,569.9859100871441
2831,4,2,3,1,9,741.2281282029412,782.7767091431053,757.5729622823651,-360.6140641014706,0.4587307994268529,1.209349902813161,572.0225040306251
2832,4,2,3,1,10,742.8891887055343,784.4377696456984,759.2340227849581,-361.4445943527671,0.4604468229006112,1.2103749430795188,572.5073480766124
2833,4,2,3,1,11,710.1035336661554,751.6521146063195,726.4483677455793,-345.0517668330777,0.44586661014000983,1.1921471420181138,563.8855981745678
2834,4,2,3,1,12,678.0099587244883,719.5585396646525,694.3547928039122,-329.00497936224417,0.4339664060977371,1.1752761296003096,555.9056093009465
2835,4,2,3,2,8,705.5171213077633,751.220560341944,723.4964387951295,-341.75856065388166,0.44493548107116776,1.1884359489330483,562.1302038453318
2836,4,2,3,2,9,732.5408791044226,778.2443181386033,750.5201965917888,-355.2704395522113,0.45567094402302505,1.2032566471612702,569.1403941072808
2837,4,2,3,2,10,738.8451032042651,784.5485422384457,756.8244206916313,-358.42255160213256,0.45955459865441395,1.2068565703857106,570.8431577924412
2838,4,2,3,2,11,711.1178671323511,756.8213061665317,729.0971846197173,-344.55893356617554,0.4459106248459013,1.1916255397385367,563.6388802963279
2839,4,2,3,2,12,655.0723239007629,700.7757629349435,673.051641388129,-316.5361619503814,0.4209469407410863,1.1630830159655272,550.1382665516944
2840,4,2,3,3,8,667.148527477418,717.0068246056151,686.7623283727266,-321.574263738709,0.4280591293973385,1.1679843756833688,552.4566096982335
2841,4,2,3,3,9,726.1318755802988,775.9901727084958,745.7456764756074,-351.0659377901494,0.45280390498925543,1.1985516873923834,566.9149481365973
2842,4,2,3,3,10,740.0685083489213,789.9268054771184,759.6823092442299,-358.03425417446067,0.4600953235399559,1.20641421024605,570.6339214463817
2843,4,2,3,3,11,710.7015844777127,760.5598816059097,730.3153853730213,-343.35079223885634,0.4465545524369025,1.1902897342929633,563.0070443205716
2844,4,2,3,3,12,635.574212436238,685.432509564435,655.1880133315466,-305.787106218119,0.41142888645597764,1.152899584385768,545.3215034144682
2845,4,2,3,4,8,658.1506089428369,712.1637641650503,679.3988932460879,-316.07530447141846,0.42516802940816606,1.1626053383168211,549.9123250238564
2846,4,2,3,4,9,685.3684817490239,739.3816369712373,706.6167660522749,-329.68424087451194,0.4341737476676233,1.1757080142113685,556.1098907219773
2847,4,2,3,4,10,734.0394369085061,788.0525921307195,755.2877212117571,-354.01971845425305,0.4566937666746014,1.2018557171659376,568.4777542194885
2848,4,2,3,4,11,708.1961343193952,762.2092895416087,729.4444186226463,-341.0980671596976,0.444468755234375,1.1878767749795707,561.8657145653369
2849,4,2,3,4,12,628.923693344776,682.9368485669894,650.171977648027,-301.461846672388,0.40829058473032004,1.148725383728117,543.3471065033993
2850,4,2,4,0,8,737.4020203918442,778.9506013320083,753.7468544712681,-358.7010101959221,0.45892931364327827,1.2070930074216681,570.9549925104491
2851,4,2,4,0,9,737.4020203918442,778.9506013320083,753.7468544712681,-358.7010101959221,0.45892931364327827,1.2070930074216681,570.9549925104491
2852,4,2,4,0,10,737.4020203918442,778.9506013320083,753.7468544712681,-358.7010101959221,0.45892931364327827,1.2070930074216681,570.9549925104491
2853,4,2,4,0,11,737.4020203918442,778.9506013320083,753.7468544712681,-358.7010101959221,0.45892931364327827,1.2070930074216681,570.9549925104491
2854,4,2,4,0,12,737.4020203918442,778.9506013320083,753.7468544712681,-358.7010101959221,0.45892931364327827,1.2070930074216681,570.9549925104491
2855,4,2,4,1,8,730.5562851530037,776.2597241871844,748.5356026403699,-354.27814257650186,0.45502868160308846,1.2021248037757302,568.6050321859203
2856,4,2,4,1,9,733.8527798829342,779.5562189171148,751.8320973703004,-355.9263899414671,0.4569574680791289,1.2039893331130258,569.4869545624612
2857,4,2,4,1,10,741.8136732885196,787.5171123227002,759.7929907758858,-359.9068366442598,0.45896291755084545,1.2086015068138192,571.6685127229365
2858,4,2,4,1,11,705.9797842430453,751.6832232772259,723.9591017304115,-341.98989212152264,0.4432141600411503,1.1888888297102314,562.3444164529394
2859,4,2,4,1,12,685.6492892876477,731.3527283218283,703.6286067750138,-331.82464464382383,0.4335501896804502,1.1782149905603831,557.2956905350612
2860,4,2,4,2,8,708.6787255349317,758.5370226631287,728.2925264302403,-342.33936276746584,0.44468413282175706,1.189003477297671,562.3986447617983
2861,4,2,4,2,9,727.3408889896151,777.1991861178121,746.9546898849237,-351.67044449480755,0.4531607758095346,1.1992662583487395,567.2529401989538
2862,4,2,4,2,10,737.6878511903153,787.5461483185123,757.3016520856239,-356.84392559515766,0.4576858598715271,1.2050730861502137,569.999569749051
2863,4,2,4,2,11,709.8724849373287,759.7307820655258,729.4862858326373,-342.9362424686644,0.4443276554923386,1.1899432896063415,562.8431759837996
2864,4,2,4,2,12,656.4771778434778,706.3354749716748,676.0909787387864,-316.2385889217389,0.4193148000539542,1.1627863946776642,549.9979646825352
2865,4,2,4,3,8,672.4458102935848,726.4589655157982,693.6940945968358,-323.2229051467924,0.42828879940399983,1.1695139199945797,553.1800841574362
2866,4,2,4,3,9,721.1451748886952,775.1583301109087,742.3934591919462,-347.5725874443476,0.45013360599686086,1.194766645347487,565.1246232493613
2867,4,2,4,3,10,733.8078537115043,787.8210089337177,755.0561380147553,-353.90392685575216,0.4580235272304683,1.2017180562896308,568.4126406249953
2868,4,2,4,3,11,708.8173174132485,762.8304726354619,730.0656017164995,-341.40865870662424,0.4429459441195231,1.1882906923330936,562.0614974735532
2869,4,2,4,3,12,636.1131027954,690.1262580176134,657.361387098651,-305.0565513977,0.4097666521150037,1.1518127501059685,544.8074308001231
2870,4,2,4,4,8,661.0101511700261,719.1781644862559,683.8929188812195,-316.50507558501306,0.42420048472128397,1.1631127679429103,550.1523392369966
2871,4,2,4,4,9,684.8522315372893,743.0202448535191,707.7349992484827,-328.42611576864465,0.4335999465367561,1.1744342191545578,555.5073856601058
2872,4,2,4,4,10,734.2748706662779,792.4428839825077,757.1576383774714,-353.13743533313897,0.45523979965465355,1.200870763423339,568.0118710992394
2873,4,2,4,4,11,709.1517963355458,767.3198096517756,732.0345640467392,-340.5758981677729,0.44158470722187426,1.1874269311374643,561.6529384280207
2874,4,2,4,4,12,628.3888119208183,686.5568252370481,651.2715796320117,-300.19440596040914,0.4082493743244234,1.1476362781448204,542.8319595625001
2875,4,3,0,0,8,1040.145017324857,1065.0614134930815,1049.947773209625,-514.0725086624285,0.6451562546789549,2.059396953178006,974.0947588531967
2876,4,3,0,0,9,1040.145017324857,1065.0614134930815,1049.947773209625,-514.0725086624285,0.6451562546789549,2.059396953178006,974.0947588531967
2877,4,3,0,0,10,1040.145017324857,1065.0614134930815,1049.947773209625,-514.0725086624285,0.6451562546789549,2.059396953178006,974.0947588531967
2878,4,3,0,0,11,1040.145017324857,1065.0614134930815,1049.947773209625,-514.0725086624285,0.6451562546789549,2.059396953178006,974.0947588531967
2879,4,3,0,0,12,1040.145017324857,1065.0614134930815,1049.947773209625,-514.0725086624285,0.6451562546789549,2.059396953178006,974.0947588531967
2880,4,3,0,1,8,1036.6088247561897,1065.6779536191186,1048.0453732884191,-511.3044123780949,0.6445605339449229,2.05328821164814,971.2053241095703
2881,4,3,0,1,9,1032.3798700698726,1061.4489989328013,1043.816418602102,-509.1899350349363,0.6422446956293923,2.0486806857939253,969.0259643805266
2882,4,3,0,1,10,1038.585314425222,1067.6544432881506,1050.0218629574513,-512.292657212611,0.6401437306015199,2.055472362321888,972.2384273782529
2883,4,3,0,1,11,1025.2256749200258,1054.2948037829544,1036.6622234522551,-505.6128374600129,0.637121678385493,2.040938044952496,965.3636952625307
2884,4,3,0,1,12,1008.8155157867216,1037.8846446496502,1020.2520643189509,-497.4077578933608,0.6222257351115532,2.0234107055029487,957.0732637028947
2885,4,3,0,2,8,1018.6770027418008,1051.8988642994336,1031.7473439214916,-501.3385013709004,0.6380052109202083,2.0317645928058656,961.0246523971745
2886,4,3,0,2,9,1034.2035068901419,1067.4253684477746,1047.2738480698326,-509.1017534450709,0.6421194342252621,2.0484866971111138,968.9342077335568
2887,4,3,0,2,10,1035.4776332150232,1068.699494772656,1048.547974394714,-509.7388166075116,0.6400762016390332,2.049828350761144,969.5688099100211
2888,4,3,0,2,11,1025.8300895502578,1059.0519511078905,1038.9004307299485,-504.9150447751289,0.6356939600264327,2.0394253159925184,964.6481744644611
2889,4,3,0,2,12,980.603051610417,1013.8249131680498,993.6733927901076,-482.3015258052085,0.6007581376788297,1.9928176527074701,942.6027497306334
2890,4,3,0,3,8,987.1325645190699,1024.507158771407,1001.836698346222,-484.56628225953494,0.6133404825484307,1.9974173313900312,944.7783977474847
2891,4,3,0,3,9,1023.4418596325775,1060.8164538849144,1038.1459934597294,-502.72092981628873,0.6288396056316732,2.034594812739436,962.3633464257532
2892,4,3,0,3,10,1031.9381231158063,1069.3127173681432,1046.6422569429583,-506.96906155790316,0.6374604294749929,2.0437416877285273,966.6898182955935
2893,4,3,0,3,11,1021.187693465355,1058.562287717692,1035.891827292507,-501.5938467326775,0.6333567197730171,2.0322144410398555,961.2374306118516
2894,4,3,0,3,12,963.6307096494387,1001.0053039017756,978.3348434765908,-472.81535482471935,0.590940311191099,1.9743425001031938,933.8640025488106
2895,4,3,0,4,8,976.7996259799908,1018.3269529270318,993.1375524546041,-478.3998129899954,0.611763857717604,1.9853396816499802,939.0656694204406
2896,4,3,0,4,9,995.6342261245663,1037.1615530716074,1011.9721525991797,-487.81711306228317,0.6069617100627578,2.0034647110967656,947.6388083487702
2897,4,3,0,4,10,1031.1877293769962,1072.715056324037,1047.5256558516094,-505.59386468849806,0.6341630298304474,2.040713091478195,965.2572922691862
2898,4,3,0,4,11,1022.8518198340261,1064.379146781067,1039.1897463086393,-501.42590991701303,0.6331297221788755,2.031862253689214,961.0708459949981
2899,4,3,0,4,12,961.2793566634842,1002.8066836105253,977.6172831380976,-470.6396783317421,0.5898437825826531,1.9702031545741832,931.9060921135887
2900,4,3,1,0,8,861.1446907446083,890.2138196075371,872.5812392768377,-423.57234537230414,0.5407022604616402,1.8938749422901555,895.8028477032435
2901,4,3,1,0,9,861.1446907446083,890.2138196075371,872.5812392768377,-423.57234537230414,0.5407022604616402,1.8938749422901555,895.8028477032435
2902,4,3,1,0,10,861.1446907446083,890.2138196075371,872.5812392768377,-423.57234537230414,0.5407022604616402,1.8938749422901555,895.8028477032435
2903,4,3,1,0,11,861.1446907446083,890.2138196075371,872.5812392768377,-423.57234537230414,0.5407022604616402,1.8938749422901555,895.8028477032435
2904,4,3,1,0,12,861.1446907446083,890.2138196075371,872.5812392768377,-423.57234537230414,0.5407022604616402,1.8938749422901555,895.8028477032435
2905,4,3,1,1,8,855.8252099563758,889.0470715140086,868.8955511360665,-419.9126049781879,0.5369334848861874,1.88840395088038,893.2150687664198
2906,4,3,1,1,9,861.7208522280949,894.9427137857277,874.7911934077856,-422.86042611404747,0.5388348050073384,1.8928306096067802,895.308878344007
2907,4,3,1,1,10,865.5371380749893,898.7589996326221,878.60747925468,-424.7685690374947,0.5406606073909954,1.8955929153158233,896.6154489443844
2908,4,3,1,1,11,834.3976435913048,867.6195051489376,847.4679847709955,-409.1988217956524,0.5307946406734968,1.872943259505314,885.9021617460135
2909,4,3,1,1,12,820.3299924282662,853.551853985899,833.4003336079569,-402.1649962141331,0.5205245865147986,1.8630047109997017,881.2012283028589
2910,4,3,1,2,8,835.3146362896757,872.6892305420126,850.0187701168278,-408.65731814483786,0.5281935058870594,1.8719616200409857,885.4378462793862
2911,4,3,1,2,9,859.0016744441107,896.3762686964476,873.7058082712628,-420.50083722205534,0.5390432446517202,1.8892645696466763,893.6221414428779
2912,4,3,1,2,10,860.8879048382556,898.2624990905925,875.5920386654077,-421.4439524191278,0.5406193995604123,1.8907180990492742,894.3096608503067
2913,4,3,1,2,11,836.7053212363533,874.0799154886902,851.4094550635053,-409.3526606181766,0.5303403814297619,1.8730826195973465,885.9680790695448
2914,4,3,1,2,12,781.6592277102924,819.0338219626293,796.3633615374445,-381.8296138551462,0.501815558091446,1.8360908333657089,868.4709641819803
2915,4,3,1,3,8,793.9377921185667,835.4651190656077,810.27571859318,-386.96889605928334,0.5045178174476345,1.8427091085020573,871.6014083214731
2916,4,3,1,3,9,851.7323451434696,893.2596720905107,868.070271618083,-415.8661725717348,0.532142911639674,1.882456118071214,890.4017438476842
2917,4,3,1,3,10,864.1603954433533,905.6877223903944,880.4983219179667,-422.08019772167665,0.5431940546683519,1.8915722002643243,894.7136507250253
2918,4,3,1,3,11,837.0810822225499,878.6084091695909,853.4190086971632,-408.54054111127493,0.5291974557691195,1.871895250379382,885.4064534294477
2919,4,3,1,3,12,759.9229621659706,801.4502891130116,776.260888640584,-369.9614810829853,0.49046197654709284,1.8212365541768576,861.4448901256536
2920,4,3,1,4,8,783.4109474523641,829.0910070941093,801.3826665744388,-380.70547372618205,0.5041620203605622,1.8347151596464792,867.8202705127846
2921,4,3,1,4,9,814.1648567671193,859.8449164088645,832.136575889194,-396.08242838355966,0.5108621387995786,1.854464277515275,877.1616032647252
2922,4,3,1,4,10,860.065119418523,905.7451790602681,878.0368385405976,-419.0325597092615,0.5400673996578141,1.8868423742789078,892.4764430339234
2923,4,3,1,4,11,835.8574487736298,881.537508415375,853.8291678957045,-406.9287243868149,0.5270827336819507,1.869677677908859,884.3575416508903
2924,4,3,1,4,12,758.7288674851511,804.4089271268963,776.7005866072258,-368.36443374257556,0.4891303869649738,1.8190943415081424,860.4316235333514
2925,4,3,2,0,8,875.4209335316382,908.642795089271,888.4912747113289,-429.7104667658191,0.5467913259940532,1.9033177736853024,900.2693069531481
2926,4,3,2,0,9,875.4209335316382,908.642795089271,888.4912747113289,-429.7104667658191,0.5467913259940532,1.9033177736853024,900.2693069531481
2927,4,3,2,0,10,875.4209335316382,908.642795089271,888.4912747113289,-429.7104667658191,0.5467913259940532,1.9033177736853024,900.2693069531481
2928,4,3,2,0,11,875.4209335316382,908.642795089271,888.4912747113289,-429.7104667658191,0.5467913259940532,1.9033177736853024,900.2693069531481
2929,4,3,2,0,12,875.4209335316382,908.642795089271,888.4912747113289,-429.7104667658191,0.5467913259940532,1.9033177736853024,900.2693069531481
2930,4,3,2,1,8,872.4170991277267,909.7916933800636,887.1212329548788,-427.20854956386336,0.5443998535938597,1.8994336462582055,898.4321146801312
2931,4,3,2,1,9,869.3519713372303,906.7265655895673,884.0561051643824,-425.67598566861517,0.5427437018704382,1.8970928880389395,897.3249360424184
2932,4,3,2,1,10,959.4653249896646,996.8399192420015,974.1694588168167,-470.7326624948323,0.5894356494793114,1.9689059923746064,931.2925343931888
2933,4,3,2,1,11,912.5014869902525,949.8760812425894,927.2056208174046,-447.25074349512624,0.5690599813334888,1.9286934539141545,912.2720037013951
2934,4,3,2,1,12,861.4553721407464,898.8299663930833,876.1595059678984,-421.7276860703732,0.5419118854698164,1.883111403319988,890.7116937703544
2935,4,3,2,2,8,887.0886964182184,928.6160233652595,903.4266228928318,-433.5443482091092,0.5489731033079348,1.9079108455482054,902.4418299443012
2936,4,3,2,2,9,915.5451481570856,957.0724751041266,931.883074631699,-447.7725740785428,0.5646938750324062,1.928358420721089,912.1135330010751
2937,4,3,2,2,10,877.5353302278246,919.0626571748656,893.873256702438,-428.7676651139123,0.5495685424183008,1.9017810747332444,899.5424483488246
2938,4,3,2,2,11,860.9696829174916,902.4970098645326,877.307609392105,-420.4848414587458,0.5428144752111672,1.889334553601319,893.6552438534239
2939,4,3,2,2,12,790.1840339890995,831.7113609361405,806.5219604637128,-385.09201699454974,0.5022557869635067,1.8405198924439465,870.5659091259868
2940,4,3,2,3,8,815.9306901377206,861.6107497794658,833.9024092597953,-396.9653450688603,0.515824863407727,1.856019630469326,877.8972852119912
2941,4,3,2,3,9,862.147716480119,907.8277761218642,880.1194356021937,-420.0738582400595,0.5340945176280274,1.8885431870337972,893.2809274669861
2942,4,3,2,3,10,,,,,,,
2943,4,3,2,3,11,866.4169657943072,912.0970254360524,884.3886849163819,-422.2084828971536,0.5382499382665115,1.8899347720596418,893.9391471842106
2944,4,3,2,3,12,770.9991534683747,816.6792131101199,788.9708725904494,-374.4995767341874,0.49097358516644657,1.8269186506452413,864.1325217551991
2945,4,3,2,4,8,844.6461805901873,894.4789729266365,864.2516923597234,-410.32309029509366,0.5309852166522948,1.8728093163095085,885.8388066143975
2946,4,3,2,4,9,829.7977816223415,879.6305739587908,849.4032933918776,-402.89889081117076,0.5150952759922389,1.8635213933756083,881.4456190666627
2947,4,3,2,4,10,875.7596691669221,925.5924615033714,895.3651809364582,-425.87983458346105,0.5431335726075294,1.897372815947458,897.4573419431476
2948,4,3,2,4,11,855.3373262288019,905.1701185652512,874.942837998338,-415.66866311440094,0.5364294275331044,1.8822494694812157,890.303999064615
2949,4,3,2,4,12,788.7539863726774,838.5867787091267,808.3594981422135,-382.3769931863387,0.49726493573940905,1.8372369553894976,869.0130798992324
2950,4,3,3,0,8,886.1457441500314,923.5203384023683,900.8498779771835,-434.0728720750157,0.5508666961662287,1.910108328625946,903.4812394400724
2951,4,3,3,0,9,886.1457441500314,923.5203384023683,900.8498779771835,-434.0728720750157,0.5508666961662287,1.910108328625946,903.4812394400724
2952,4,3,3,0,10,886.1457441500314,923.5203384023683,900.8498779771835,-434.0728720750157,0.5508666961662287,1.910108328625946,903.4812394400724
2953,4,3,3,0,11,886.1457441500314,923.5203384023683,900.8498779771835,-434.0728720750157,0.5508666961662287,1.910108328625946,903.4812394400724
2954,4,3,3,0,12,886.1457441500314,923.5203384023683,900.8498779771835,-434.0728720750157,0.5508666961662287,1.910108328625946,903.4812394400724
2955,4,3,3,1,8,882.0408664195634,923.5681933666044,898.3787928941767,-431.0204332097817,0.5486655685969232,1.905289610695249,901.2019858588528
2956,4,3,3,1,9,879.0303016122803,920.5576285593213,895.3682280868936,-429.5151508061401,0.5445955876988249,1.9029615981504922,900.1008359251828
2957,4,3,3,1,10,887.1226473438662,928.6499742909073,903.4605738184796,-433.5613236719331,0.5495835711422904,1.9092645002447706,903.0821086157765
2958,4,3,3,1,11,860.5446914129369,902.072018359978,876.8826178875503,-420.27234570646846,0.5393067601174493,1.8889741620670142,893.4847786576977
2959,4,3,3,1,12,831.3007751727578,872.8281021197988,847.6387016473711,-405.6503875863789,0.5207924053340719,1.8678682023413729,883.5016597074693
2960,4,3,3,2,8,864.0544906956588,909.734550337404,882.0262098177335,-421.0272453478294,0.5409689617175806,1.8898814382281715,893.9139202819251
2961,4,3,3,2,9,880.1152002021233,925.7952598438685,898.086919324198,-429.05760010106167,0.5444001709056396,1.9022533671038981,899.7658426401438
2962,4,3,3,2,10,883.4821619100857,929.1622215518308,901.4538810321603,-430.74108095504283,0.5488557452563041,1.9047884772810233,900.964949753924
2963,4,3,3,2,11,861.4556054633028,907.135665105048,879.4273245853775,-419.7278027316514,0.5388950546597036,1.8882255876288492,893.1307029484457
2964,4,3,3,2,12,820.2433657404317,865.9234253821769,838.2150848625064,-399.12168287021586,0.5112915846702663,1.8588507316134042,879.2363960531402
2965,4,3,3,3,8,830.8096913850557,880.642483721505,850.4152031545917,-403.40484569252783,0.5214181031528913,1.864730340336018,882.0174509789365
2966,4,3,3,3,9,870.2238371579499,920.0566294943992,889.829348927486,-423.11191857897495,0.5317306480990448,1.8931630427774315,895.4661192337251
2967,4,3,3,3,10,884.7424723043357,934.575264640785,904.3479840738718,-430.37123615216785,0.5471359176550223,1.904207389201456,900.6900950922886
2968,4,3,3,3,11,859.3655198623408,909.1983121987901,878.9710316318768,-417.6827599311704,0.5359118856497896,1.885090180116336,891.6476551950269
2969,4,3,3,3,12,802.2876416477781,852.1204339842272,821.8931534173141,-389.14382082388903,0.5024548735723562,1.8453301069399524,872.8411405825975
2970,4,3,3,4,8,819.3600221765498,873.3455472077031,840.5993265935472,-396.6800110882749,0.5169942771762396,1.8555619184910837,877.6807874462826
2971,4,3,3,4,9,839.6051564131017,893.590681444255,860.844460830099,-406.80257820655083,0.5140302182341042,1.8690454320242487,884.0584893474696
2972,4,3,3,4,10,883.2723851014272,937.2579101325805,904.5116895184245,-428.6361925507136,0.5433347723902603,1.9015149343661957,899.4165639552106
2973,4,3,3,4,11,861.68314372245,915.6686687536034,882.9224481394474,-417.841571861225,0.5362095728590083,1.885343459938272,891.7674565508026
2974,4,3,3,4,12,798.7579485965371,852.7434736276904,819.9972530135344,-386.37897429826853,0.5023913776036878,1.841683595798116,871.1163408125088
2975,4,3,4,0,8,898.0143291844629,939.5416561315039,914.3522556590763,-439.00716459223145,0.5569134485535555,1.9178408684653918,907.1387307841303
2976,4,3,4,0,9,898.0143291844629,939.5416561315039,914.3522556590763,-439.00716459223145,0.5569134485535555,1.9178408684653918,907.1387307841303
2977,4,3,4,0,10,898.0143291844629,939.5416561315039,914.3522556590763,-439.00716459223145,0.5569134485535555,1.9178408684653918,907.1387307841303
2978,4,3,4,0,11,898.0143291844629,939.5416561315039,914.3522556590763,-439.00716459223145,0.5569134485535555,1.9178408684653918,907.1387307841303
2979,4,3,4,0,12,898.0143291844629,939.5416561315039,914.3522556590763,-439.00716459223145,0.5569134485535555,1.9178408684653918,907.1387307841303
2980,4,3,4,1,8,883.8852321939839,929.5652918357291,901.8569513160586,-430.94261609699197,0.5508682777322351,1.9051056727609494,901.1149832159291
2981,4,3,4,1,9,887.8010138567827,933.4810734985278,905.7727329788573,-432.90050692839134,0.5470844303316396,1.9081591957027233,902.5592995673882
2982,4,3,4,1,10,880.463796068898,926.1438557106432,898.4355151909726,-429.231898034449,0.5439258318826669,1.9021938123614721,899.7376732469763
2983,4,3,4,1,11,873.233374205894,918.9134338476392,891.2050933279687,-425.616687102947,0.5442557367285689,1.8969808229056473,897.2719292343712
2984,4,3,4,1,12,742.1745823609014,787.8546420026465,760.146301482976,-360.0872911804507,0.4910714517327222,1.81058529219001,856.4068432058748
2985,4,3,4,2,8,777.7787130807311,827.6115054171803,797.3842248502672,-376.88935654036555,0.5007674825494934,1.8300841780661652,865.6298162252962
2986,4,3,4,2,9,888.9906947939829,938.8234871304321,908.596206563519,-432.49534739699146,0.5469159279143483,1.9075148329702742,902.2545159949398
2987,4,3,4,2,10,873.8735588751617,923.706351211611,893.4790706446978,-424.93677943758087,0.5426448881536614,1.894733671322561,896.2090265355714
2988,4,3,4,2,11,875.2534240243073,925.0862163607565,894.8589357938433,-425.62671201215363,0.5445323197394225,1.8967726502086526,897.1734635486927
2989,4,3,4,2,12,719.9917044550466,769.8244967914959,739.5972162245827,-347.9958522275233,0.47511727472323584,1.796312514648,849.655819428504
2990,4,3,4,3,8,766.7373603688123,820.7228853999657,787.9766647858097,-370.3686801844062,0.4917949687153339,1.8201023975675221,860.9084340494379
2991,4,3,4,3,9,879.1223301649644,933.1078551961177,900.3616345819618,-426.5611650824822,0.5342195795673571,1.8982997613330053,897.8957871105115
2992,4,3,4,3,10,894.7045989758174,948.6901240069707,915.9439033928147,-434.3522994879087,0.5506051127513761,1.910348820614524,903.5949921506699
2993,4,3,4,3,11,844.8648598630207,898.850384894174,866.104164280018,-409.43242993151034,0.5290874197072634,1.8723759721886772,885.6338348452443
2994,4,3,4,3,12,703.5953469395711,757.5808719707244,724.8346513565684,-338.79767346978554,0.46236318868779036,1.7857469877910193,844.6583252251521
2995,4,3,4,4,8,769.6724981806539,827.8107559065113,792.5455952451125,-370.83624909032693,0.49331571655316003,1.823137143516328,862.3438688832231
2996,4,3,4,4,9,758.4581651358711,816.5964228617286,781.3312622003298,-365.22908256793556,0.49690244152719104,1.816966488604725,859.4251491100349
2997,4,3,4,4,10,878.0529928949005,936.191250620758,900.9260899593592,-425.02649644745026,0.5368263490220896,1.8945210862888162,896.1084738146101
2998,4,3,4,4,11,843.1577183129377,901.2959760387952,866.0308153773965,-407.57885915646887,0.5293147762411381,1.8705827488786095,884.7856402195823
2999,4,3,4,4,12,722.159591414624,780.2978491404814,745.0326884790827,-347.079795707312,0.46958475655851967,1.7929198871497671,848.0511066218398
3000,4,4,0,0,8,1296.5827625613274,1321.4863791720052,1306.381363619069,-642.2913812806637,0.8678117150650636,3.5821606194141267,1694.361972982882
3001,4,4,0,0,9,1296.5827625613274,1321.4863791720052,1306.381363619069,-642.2913812806637,0.8678117150650636,3.5821606194141267,1694.361972982882
3002,4,4,0,0,10,1296.5827625613274,1321.4863791720052,1306.381363619069,-642.2913812806637,0.8678117150650636,3.5821606194141267,1694.361972982882
3003,4,4,0,0,11,1296.5827625613274,1321.4863791720052,1306.381363619069,-642.2913812806637,0.8678117150650636,3.5821606194141267,1694.361972982882
3004,4,4,0,0,12,1296.5827625613274,1321.4863791720052,1306.381363619069,-642.2913812806637,0.8678117150650636,3.5821606194141267,1694.361972982882
3005,4,4,0,1,8,1296.8975679630585,1325.9517873421823,1308.3292691970903,-641.4487839815292,0.8649839657069631,3.5789342323801296,1692.8358919158013
3006,4,4,0,1,9,1282.3728510467267,1311.4270704258506,1293.8045522807586,-634.1864255233634,0.8607326540838218,3.5517308867375985,1679.968709426884
3007,4,4,0,1,10,1288.369613975669,1317.4238333547928,1299.8013152097008,-637.1848069878345,0.8596649590895374,3.5628339502252553,1685.2204584565457
3008,4,4,0,1,11,1288.9918406366107,1318.0460600157346,1300.4235418706426,-637.4959203183054,0.861274312509269,3.564056149178608,1685.7985585614815
3009,4,4,0,1,12,1274.494226690815,1303.5484460699388,1285.9259279248467,-630.2471133454075,0.8423573545276735,3.5369130663930166,1672.959880403897
3010,4,4,0,2,8,1286.4221926494035,1319.6270147969738,1299.4869940597255,-635.2110963247018,0.8536967962177447,3.5554562671906447,1681.730814381175
3011,4,4,0,2,9,1278.311169123534,1311.5159912711042,1291.375970533856,-631.155584561767,0.8546298230246376,3.540531130688348,1674.6712248155884
3012,4,4,0,2,10,1283.5208412367665,1316.7256633843367,1296.5856426470884,-633.7604206183833,0.8584072264393812,3.549999922506507,1679.1499633455778
3013,4,4,0,2,11,1288.2991402781804,1321.5039624257506,1301.3639416885023,-636.1495701390902,0.8609509921687627,3.558953418900648,1683.3849671400067
3014,4,4,0,2,12,1256.0862814965476,1289.2911036441178,1269.1510829068695,-620.0431407482738,0.83287922163682,3.500232642833376,1655.6100400601867
3015,4,4,0,3,8,1263.1217502581826,1300.4771751741991,1277.8196518447949,-622.5608751290913,0.8382608522593064,3.509341331848178,1659.918449964188
3016,4,4,0,3,9,1267.7409199906729,1305.0963449066894,1282.4388215772851,-624.8704599953364,0.8404953799436818,3.5176563068985356,1663.8514331630074
3017,4,4,0,3,10,1269.2711086380928,1306.6265335541093,1283.969010224705,-625.6355543190464,0.8441353883776078,3.5199970717902818,1664.9586149568033
3018,4,4,0,3,11,1280.483265581412,1317.8386904974286,1295.1811671680243,-631.241632790706,0.8542088739205299,3.5404669064177043,1674.640846735574
3019,4,4,0,3,12,1244.4368080668687,1281.7922329828853,1259.134709653481,-613.2184040334344,0.8213272662077371,3.4763188522693014,1644.2988171233796
3020,4,4,0,4,8,1254.788955416678,1296.2949831011408,1271.1199571795805,-617.394477708339,0.8324678523383672,3.4910729745585547,1651.2775169661963
3021,4,4,0,4,9,1253.762927512603,1295.268955197066,1270.0939292755056,-616.8814637563015,0.8240081109398788,3.489259292792351,1650.419645490782
3022,4,4,0,4,10,1271.2689287688704,1312.7749564533333,1287.599930531773,-625.6344643844352,0.8441394723675592,3.5199932110905507,1664.9567888458305
3023,4,4,0,4,11,1282.4703645124853,1323.9763921969482,1298.8013662753879,-631.2351822562426,0.8539801225869061,3.5404443750744843,1674.630189410231
3024,4,4,0,4,12,1242.9547684375189,1284.4607961219817,1259.2857702004214,-611.4773842187594,0.8190570235697775,3.470329698749116,1641.4659475083317
3025,4,4,1,0,8,1050.8821883004834,1079.9364076796073,1062.3138895345153,-518.4410941502417,0.6912964738932169,3.2165593166173534,1521.432556760008
3026,4,4,1,0,9,1050.8821883004834,1079.9364076796073,1062.3138895345153,-518.4410941502417,0.6912964738932169,3.2165593166173534,1521.432556760008
3027,4,4,1,0,10,1050.8821883004834,1079.9364076796073,1062.3138895345153,-518.4410941502417,0.6912964738932169,3.2165593166173534,1521.432556760008
3028,4,4,1,0,11,1050.8821883004834,1079.9364076796073,1062.3138895345153,-518.4410941502417,0.6912964738932169,3.2165593166173534,1521.432556760008
3029,4,4,1,0,12,1050.8821883004834,1079.9364076796073,1062.3138895345153,-518.4410941502417,0.6912964738932169,3.2165593166173534,1521.432556760008
3030,4,4,1,1,8,1049.5181282753717,1082.722950422942,1062.5829296856937,-516.7590641376859,0.6925550028758375,3.2123673791926204,1519.4497703581094
3031,4,4,1,1,9,1042.9833890898226,1076.1882112373928,1056.0481905001445,-513.4916945449113,0.6872214517245803,3.205651622680321,1516.273217527792
3032,4,4,1,1,10,1049.9585216697903,1083.1633438173606,1063.0233230801123,-516.9792608348952,0.6866094196810667,3.213320188920188,1519.9004493592488
3033,4,4,1,1,11,1035.302453459738,1068.5072756073082,1048.36725487006,-509.651226729869,0.6812284091436858,3.197332098953497,1512.338082805004
3034,4,4,1,1,12,1019.5984415332634,1052.8032636808337,1032.6632429435854,-501.7992207666317,0.6686611684881517,3.1804518467350396,1504.3537235056738
3035,4,4,1,2,8,1030.053576926304,1067.4090018423205,1044.7514785129163,-506.026788463152,0.6842787905101155,3.1892719527122724,1508.5256336329048
3036,4,4,1,2,9,1044.3947993298198,1081.7502242458363,1059.092700916432,-513.1973996649099,0.6876397138841314,3.2049936083196697,1515.9619767352037
3037,4,4,1,2,10,1045.92966304078,1083.2850879567966,1060.6275646273923,-513.96483152039,0.6857271994188769,3.2066320789117926,1516.7369733252779
3038,4,4,1,2,11,1035.7317766861554,1073.087201602172,1050.4296782727677,-508.8658883430777,0.6807612369219471,3.1955877514000606,1511.5130064122286
3039,4,4,1,2,12,991.2001370550353,1028.5555619710517,1005.8980386416475,-486.60006852751764,0.6471807218302639,3.14959291074422,1489.7574467820161
3040,4,4,1,3,8,1001.5112486207082,1043.017276305171,1017.8422503836107,-490.7556243103541,0.6593200202117114,3.157754120587759,1493.61769903801
3041,4,4,1,3,9,1034.9046078678775,1076.4106355523402,1051.23560963078,-507.4523039339387,0.6775255553605027,3.1925823105441946,1510.0914328874042
3042,4,4,1,3,10,1042.0623249874805,1083.5683526719433,1058.393326750383,-511.0311624937402,0.6831307541964923,3.200019526252611,1513.609235917485
3043,4,4,1,3,11,1031.6720516472678,1073.1780793317307,1048.0030534101704,-505.8360258236339,0.6778429442672012,3.18913287352677,1508.4598491781621
3044,4,4,1,3,12,988.110555669942,1029.6165833544048,1004.4415574328444,-484.055277834971,0.6448597230087522,3.1432675509903425,1486.765551618432
3045,4,4,1,4,8,988.7345838722601,1034.3912143251691,1006.698685811453,-483.3672919361301,0.6578703296481091,3.1429691723831965,1486.624418537252
3046,4,4,1,4,9,1007.6799261774216,1053.3365566303307,1025.6440281166144,-492.8399630887108,0.6536370995324637,3.161837659213678,1495.5492128080698
3047,4,4,1,4,10,1042.383265396758,1088.039895849667,1060.3473673359506,-510.1916326983789,0.68131167905295,3.1981682784493723,1512.7335957065532
3048,4,4,1,4,11,1033.411336409683,1079.067966862592,1051.3754383488756,-505.7056682048414,0.6783203270852148,3.1888927237084257,1508.3462583140854
3049,4,4,1,4,12,974.982781606609,1020.6394120595181,992.9468835458018,-476.4913908033045,0.6387852419894062,3.129862254162091,1480.424846218669
3050,4,4,2,0,8,895.3959053446273,928.6007274921975,908.4607067549493,-439.69795267231365,0.5967228445793719,3.066545963887842,1450.4762409189493
3051,4,4,2,0,9,895.3959053446273,928.6007274921975,908.4607067549493,-439.69795267231365,0.5967228445793719,3.066545963887842,1450.4762409189493
3052,4,4,2,0,10,895.3959053446273,928.6007274921975,908.4607067549493,-439.69795267231365,0.5967228445793719,3.066545963887842,1450.4762409189493
3053,4,4,2,0,11,895.3959053446273,928.6007274921975,908.4607067549493,-439.69795267231365,0.5967228445793719,3.066545963887842,1450.4762409189493
3054,4,4,2,0,12,895.3959053446273,928.6007274921975,908.4607067549493,-439.69795267231365,0.5967228445793719,3.066545963887842,1450.4762409189493
3055,4,4,2,1,8,937.151848871536,974.5072737875525,951.8497504581483,-459.575924435768,0.6194578905524717,3.097047385381273,1464.9034132853421
3056,4,4,2,1,9,1057.4629216894584,1094.818346605475,1072.1608232760707,-519.7314608447292,0.6954848117256922,3.219508627121325,1522.8275806283866
3057,4,4,2,1,10,1047.6227078923096,1084.978132808326,1062.3206094789218,-514.8113539461548,0.6773809101702413,3.20755881673016,1517.1753203133658
3058,4,4,2,1,11,894.5303660475284,931.885790963545,909.2282676341407,-438.2651830237642,0.6025557626803788,3.064455530176705,1449.4874657735813
3059,4,4,2,1,12,897.7130190467824,935.0684439627989,912.4109206333947,-439.8565095233912,0.6051842618471381,3.06691055815107,1450.648694005456
3060,4,4,2,2,8,934.2121131659896,975.7181408504524,950.5431149288921,-457.1060565829948,0.6228706174460164,3.094866979969004,1463.872081525339
3061,4,4,2,2,9,1056.2913930092425,1097.7974206937054,1072.622394772145,-518.1456965046212,0.6931671063263557,3.2158441508468623,1521.0942833505658
3062,4,4,2,2,10,1058.5169199111897,1100.0229475956526,1074.8479216740923,-519.2584599555948,0.6935608120941149,3.218119238645612,1522.1703998793744
3063,4,4,2,2,11,1002.5889564846722,1044.094984169135,1018.9199582475746,-491.2944782423361,0.6535799811560085,3.1585510024095718,1493.9946241397274
3064,4,4,2,2,12,899.5393262677512,941.045353952214,915.8703280306537,-439.7696631338756,0.5960599829411787,3.06700537382215,1450.693541817877
3065,4,4,2,3,8,902.525027820112,948.1816582730211,920.4891297593048,-440.262513910056,0.5947213078008781,3.064862973485524,1449.6801864586528
3066,4,4,2,3,9,1050.3704534040394,1096.0270838569484,1068.334555343232,-514.1852267020197,0.6793936802881573,3.2070682939160937,1516.9433030223124
3067,4,4,2,3,10,1059.5365839927263,1105.1932144456352,1077.500685931919,-518.7682919963631,0.692636106591988,3.2170276009834997,1521.6540552651954
3068,4,4,2,3,11,1004.8054328912235,1050.4620633441325,1022.7695348304163,-491.40271644561176,0.6527739636249085,3.157783473119847,1493.6315827856877
3069,4,4,2,3,12,835.6815093142759,881.338139767185,853.6456112534687,-406.84075465713795,0.5668429719331058,3.0179314604341942,1427.4815807853738
3070,4,4,2,4,8,865.7089507571156,915.516183978471,885.3061528725987,-420.8544753785578,0.5800750123381957,3.0370519513323826,1436.525572980217
3071,4,4,2,4,9,927.0049204965501,976.8121537179054,946.6021226120331,-451.50246024827504,0.6022012186998462,3.0808270887640474,1457.2312129853944
3072,4,4,2,4,10,1058.5913997568625,1108.3986329782178,1078.1886018723455,-517.2956998784313,0.6893341936543683,3.2137320279194714,1520.09524920591
3073,4,4,2,4,11,985.0301901718569,1034.8374233932122,1004.62739228734,-480.51509508592846,0.6420584470664289,3.1350987311293257,1482.9016998241711
3074,4,4,2,4,12,867.2187444232026,917.0259776445579,886.8159465386856,-421.6093722116013,0.5811778930708805,3.037356149565646,1436.6694587445506
3075,4,4,3,0,8,890.3636206003201,927.7190455163367,905.0615221869324,-436.18181030016007,0.5941024728428657,3.061831344036584,1448.2462257293041
3076,4,4,3,0,9,890.3636206003201,927.7190455163367,905.0615221869324,-436.18181030016007,0.5941024728428657,3.061831344036584,1448.2462257293041
3077,4,4,3,0,10,890.3636206003201,927.7190455163367,905.0615221869324,-436.18181030016007,0.5941024728428657,3.061831344036584,1448.2462257293041
3078,4,4,3,0,11,890.3636206003201,927.7190455163367,905.0615221869324,-436.18181030016007,0.5941024728428657,3.061831344036584,1448.2462257293041
3079,4,4,3,0,12,890.3636206003201,927.7190455163367,905.0615221869324,-436.18181030016007,0.5941024728428657,3.061831344036584,1448.2462257293041
3080,4,4,3,1,8,936.6927500996986,978.1987777841614,953.0237518626011,-458.3463750498493,0.6201074377047028,3.0963713166556524,1464.5836327781235
3081,4,4,3,1,9,953.5351371111894,995.0411647956522,969.8661388740919,-466.7675685555947,0.6307064394089054,3.112089603754837,1472.0183825760378
3082,4,4,3,1,10,892.7518659777104,934.2578936621732,909.0828677406129,-436.3759329888552,0.594340918900535,3.0620882925848596,1448.3677623926385
3083,4,4,3,1,11,947.3612724524613,988.8673001369241,963.6922742153638,-463.68063622623066,0.6219865419960958,3.106689277453311,1469.464028235416
3084,4,4,3,1,12,1010.078873308264,1051.5849009927267,1026.4098750711664,-495.039436654132,0.6680964367886615,3.1635905518311285,1496.3783310161239
3085,4,4,3,2,8,893.8204160909975,939.4770465439066,911.7845180301903,-435.91020804549873,0.5952804605244002,3.060807256475644,1447.7618323129795
3086,4,4,3,2,9,1071.152498870492,1116.809129323401,1089.1166008096848,-524.576249435246,0.7003318690812169,3.230910241867584,1528.2205444033673
3087,4,4,3,2,10,939.4504613337144,985.1070917866235,957.4145632729072,-458.7252306668572,0.6274414758486732,3.0982541920663205,1465.4742328473696
3088,4,4,3,2,11,905.9008084374029,951.557438890312,923.8649103765957,-441.95040421870146,0.6023405829087443,3.070089909497279,1452.152527192213
3089,4,4,3,2,12,896.0654834545592,941.7221139074683,914.029585393752,-437.0327417272796,0.597064498482469,3.0600294777500654,1447.3939429757809
3090,4,4,3,3,8,848.2906100426461,898.0978432640014,867.8878121581291,-412.14530502132305,0.576602438267863,3.024626160893902,1430.6481741028156
3091,4,4,3,3,9,954.1531655695883,1003.9603987909436,973.7503676850713,-465.07658278479414,0.6233065788817123,3.0995698867981227,1466.096556455512
3092,4,4,3,3,10,953.1365980473742,1002.9438312687295,972.7338001628572,-464.5682990236871,0.6298770849537388,3.1078202599946656,1469.9989829774768
3093,4,4,3,3,11,905.2285589678962,955.0357921892515,924.8257610833792,-440.6142794839481,0.5990589374049923,3.067288174961003,1450.8273067565544
3094,4,4,3,3,12,851.2701201400881,901.0773533614434,870.8673222555711,-413.63506007004406,0.5695042582869975,3.0242098834127757,1430.451274854243
3095,4,4,3,4,8,896.353008385576,950.3108443753777,917.5833106773492,-435.176504192788,0.6077231667433916,3.0599864771164773,1447.3736036760938
3096,4,4,3,4,9,889.0710755520156,943.0289115418173,910.3013778437888,-431.5355377760078,0.5807313734027009,3.0531640583913555,1444.1465996191112
3097,4,4,3,4,10,1077.3653419912307,1131.3231779810324,1098.595644283004,-525.6826709956154,0.6940773016425594,3.225074468451738,1525.4602235776722
3098,4,4,3,4,11,,,,,,,
3099,4,4,3,4,12,893.7908062217201,947.7486422115218,915.0211085134933,-433.89540311086006,0.5891236322794822,3.0559183837223864,1445.4493955006888
3100,4,4,4,0,8,900.7472611786911,942.2532888631539,917.0782629415936,-440.37363058934557,0.5994202374760497,3.068482076974955,1451.3920224091537
3101,4,4,4,0,9,900.7472611786911,942.2532888631539,917.0782629415936,-440.37363058934557,0.5994202374760497,3.068482076974955,1451.3920224091537
3102,4,4,4,0,10,900.7472611786911,942.2532888631539,917.0782629415936,-440.37363058934557,0.5994202374760497,3.068482076974955,1451.3920224091537
3103,4,4,4,0,11,900.7472611786911,942.2532888631539,917.0782629415936,-440.37363058934557,0.5994202374760497,3.068482076974955,1451.3920224091537
3104,4,4,4,0,12,900.7472611786911,942.2532888631539,917.0782629415936,-440.37363058934557,0.5994202374760497,3.068482076974955,1451.3920224091537
3105,4,4,4,1,8,910.6719795265052,956.3286099794143,928.636081465698,-444.3359897632526,0.6078226690884483,3.0741083418426567,1454.0532456915766
3106,4,4,4,1,9,905.5482466321394,951.2048770850485,923.5123485713322,-441.7741233160697,0.5917010718034275,3.0691787814889655,1451.7215636442806
3107,4,4,4,1,10,919.3860443349294,965.0426747878385,937.3501462741222,-448.6930221674647,0.6035690973942113,3.081795705113573,1457.68936851872
3108,4,4,4,1,11,890.1993076930072,935.8559381459163,908.1634096322,-434.0996538465036,0.5918846326892999,3.058150642278835,1446.5052537978888
3109,4,4,4,1,12,845.1344442216669,890.791074674576,863.0985461608597,-411.5672221108334,0.5633937280973881,3.0248134161039064,1430.7367458171477
3110,4,4,4,2,8,895.1485738963895,944.9558071177448,914.7457760118725,-435.57428694819475,0.5985944346215671,3.0604095237184694,1447.573704718836
3111,4,4,4,2,9,888.6300623232897,938.437295544645,908.2272644387727,-432.31503116164487,0.5881341020711464,3.055979953880631,1445.4785181855386
3112,4,4,4,2,10,910.6968264663492,960.5040596877045,930.2940285818322,-443.3484132331746,0.6024497108255473,3.0732508107732173,1453.6476334957317
3113,4,4,4,2,11,888.194022830274,938.0012560516293,907.791224945757,-432.097011415137,0.58957173046471,3.0551162086869814,1445.0699667089423
3114,4,4,4,2,12,826.0968456253429,875.9040788466982,845.6940477408259,-401.04842281267145,0.5540191032109368,3.010233396779167,1423.8403966765459
3115,4,4,4,3,8,850.213082767827,904.1709187576287,871.4433850596002,-412.1065413839135,0.5715919316871122,3.025934604726072,1431.267068035432
3116,4,4,4,3,9,887.7947400148319,941.7525760046335,909.0250423066051,-430.89737000741593,0.5837888818327702,3.0539900375944167,1444.5372877821592
3117,4,4,4,3,10,912.9961472218903,966.9539832116919,934.2264495136635,-443.49807361094514,0.6032581358644178,3.073052746982803,1453.5539493228657
3118,4,4,4,3,11,893.9915895089323,947.949425498734,915.2218918007055,-433.99579475446615,0.5898225155422344,3.057991068161754,1446.4297752405096
3119,4,4,4,3,12,809.5435902617467,863.5014262515483,830.7738925535199,-391.77179513087333,0.5444654205749911,2.9980429950944405,1418.0743366796703
3120,4,4,4,4,8,835.0886606434693,893.1970994017172,857.9520631115329,-403.54433032173466,0.5667342537115371,3.014004885723113,1425.6243109470324
3121,4,4,4,4,9,853.3179961358792,911.426434894127,876.1813986039427,-412.6589980679396,0.5651755502306832,3.0272445508546615,1431.8866725542548
3122,4,4,4,4,10,924.0560646011396,982.1645033593875,946.9194670692032,-448.0280323005698,0.6064486477875562,3.0803872094872053,1457.0231500874481
3123,4,4,4,4,11,891.9749150307468,950.0833537889947,914.8383174988104,-431.9874575153734,0.5902495498594846,3.0549417911501013,1444.987467213998
3124,4,4,4,4,12,811.875712786314,869.9841515445619,834.7391152543776,-391.937856393157,0.5468385548462935,2.9985230754640595,1418.3014146945002
